user_id,latitude,longtitude,timestamp
133,24.505256,118.138794,2011-01-30 14:36:21
133,24.505265,118.138823,2011-01-30 14:36:27
133,24.505285,118.138798,2011-01-30 14:36:32
133,24.505324,118.138799,2011-01-30 14:36:37
133,24.505389,118.138791,2011-01-30 14:36:42
133,24.505353,118.13884,2011-01-30 14:36:47
133,24.505314,118.138948,2011-01-30 14:36:51
133,24.505293,118.139041,2011-01-30 14:36:56
133,24.505195,118.139113,2011-01-30 14:37:00
133,24.505128,118.139158,2011-01-30 14:37:05
133,24.505099,118.139109,2011-01-30 14:37:10
133,24.50506,118.139118,2011-01-30 14:37:15
133,24.505019,118.139117,2011-01-30 14:37:20
133,24.504997,118.139169,2011-01-30 14:37:25
133,24.505017,118.139143,2011-01-30 14:37:30
133,24.505045,118.139163,2011-01-30 14:37:35
133,24.505031,118.139163,2011-01-30 14:37:40
133,24.505034,118.13915,2011-01-30 14:37:45
133,24.504998,118.139143,2011-01-30 14:37:50
133,24.505073,118.139096,2011-01-30 14:37:55
133,24.50511,118.139086,2011-01-30 14:38:00
133,24.505161,118.139078,2011-01-30 14:38:05
133,24.505214,118.139078,2011-01-30 14:38:10
133,24.505214,118.139097,2011-01-30 14:38:15
133,24.505228,118.139104,2011-01-30 14:38:20
133,24.505459,118.139024,2011-01-30 14:38:22
133,24.505301,118.138808,2011-01-30 14:45:14
133,24.505304,118.138727,2011-01-30 14:45:19
133,24.505304,118.138727,2011-01-30 14:45:22
133,24.505301,118.138719,2011-01-30 14:45:24
133,24.505297,118.138763,2011-01-30 14:45:29
133,24.50532,118.138794,2011-01-30 14:45:34
133,24.505369,118.138865,2011-01-30 14:45:39
133,24.505371,118.138912,2011-01-30 14:45:44
133,24.505362,118.13891,2011-01-30 14:45:49
133,24.505355,118.138909,2011-01-30 14:45:54
133,24.505354,118.138909,2011-01-30 14:45:59
133,24.505354,118.138909,2011-01-30 14:46:02
133,24.505354,118.138916,2011-01-30 14:46:04
133,24.505326,118.138999,2011-01-30 14:46:09
133,24.505303,118.139003,2011-01-30 14:46:14
133,24.505303,118.139003,2011-01-30 14:46:17
133,24.505296,118.139006,2011-01-30 14:46:19
133,24.505295,118.139015,2011-01-30 14:46:24
133,24.505295,118.139015,2011-01-30 14:46:27
133,24.505298,118.13902,2011-01-30 14:46:29
133,24.505308,118.139002,2011-01-30 14:46:34
133,24.505316,118.138974,2011-01-30 14:46:39
133,24.505327,118.138915,2011-01-30 14:46:44
133,24.505331,118.138855,2011-01-30 14:46:49
133,24.505358,118.138845,2011-01-30 14:46:54
133,24.505373,118.138843,2011-01-30 14:46:59
133,24.505403,118.138861,2011-01-30 14:47:04
133,24.505402,118.138842,2011-01-30 14:47:09
133,24.505383,118.138822,2011-01-30 14:47:14
133,24.505409,118.138835,2011-01-30 14:47:19
133,24.505405,118.13882,2011-01-30 14:47:24
133,24.505405,118.13882,2011-01-30 14:47:27
133,24.505405,118.138822,2011-01-30 14:47:29
133,24.505421,118.138809,2011-01-30 14:47:34
133,24.505412,118.138823,2011-01-30 14:47:39
133,24.505596,118.138791,2011-01-30 14:48:13
133,24.505494,118.138812,2011-01-30 14:48:18
133,24.505421,118.139031,2011-01-30 14:48:19
133,24.505392,118.139082,2011-01-30 14:48:24
133,24.505397,118.139062,2011-01-30 14:48:28
133,24.505397,118.139021,2011-01-30 14:48:31
133,24.505392,118.138998,2011-01-30 14:48:36
133,24.505409,118.139,2011-01-30 14:48:41
133,24.505436,118.138961,2011-01-30 14:48:46
133,24.505419,118.138896,2011-01-30 14:48:48
133,24.505419,118.138855,2011-01-30 14:48:50
133,24.505428,118.138828,2011-01-30 14:48:54
133,24.505436,118.138805,2011-01-30 14:48:59
133,24.505448,118.138722,2011-01-30 14:49:04
133,24.505444,118.138632,2011-01-30 14:49:08
133,24.505426,118.138539,2011-01-30 14:49:13
133,24.505403,118.138573,2011-01-30 14:49:18
133,24.505384,118.138665,2011-01-30 14:49:22
133,24.505344,118.138763,2011-01-30 14:49:26
133,24.505308,118.138821,2011-01-30 14:49:31
133,24.505248,118.138815,2011-01-30 14:49:36
133,24.50522,118.138812,2011-01-30 14:49:41
133,24.505242,118.138844,2011-01-30 14:49:46
133,24.505277,118.138864,2011-01-30 14:49:51
133,24.505296,118.138887,2011-01-30 14:49:56
133,24.505295,118.138894,2011-01-30 14:50:01
133,24.505294,118.138899,2011-01-30 14:50:06
133,24.505294,118.138899,2011-01-30 14:50:09
133,24.505287,118.138894,2011-01-30 14:50:11
133,24.505311,118.138972,2011-01-30 14:50:16
133,24.505344,118.139069,2011-01-30 14:50:19
133,24.505397,118.139143,2011-01-30 14:50:24
133,24.505433,118.139125,2011-01-30 14:50:29
133,24.505457,118.139103,2011-01-30 14:50:34
133,24.505449,118.139072,2011-01-30 14:50:39
133,24.505411,118.139077,2011-01-30 14:50:44
133,24.5054,118.139082,2011-01-30 14:50:49
133,24.5054,118.139082,2011-01-30 14:50:52
133,24.505394,118.139082,2011-01-30 14:50:54
133,24.505393,118.139091,2011-01-30 14:50:59
133,24.50535,118.139148,2011-01-30 14:51:04
133,24.505341,118.139174,2011-01-30 14:51:09
133,24.505341,118.139174,2011-01-30 14:51:12
133,24.505346,118.139176,2011-01-30 14:51:14
133,24.505354,118.139158,2011-01-30 14:51:19
133,24.505375,118.139092,2011-01-30 14:51:24
133,24.505381,118.139112,2011-01-30 14:51:29
133,24.505384,118.139109,2011-01-30 14:51:34
133,24.505384,118.139109,2011-01-30 14:51:37
133,24.505383,118.139108,2011-01-30 14:51:39
133,24.505373,118.139099,2011-01-30 14:51:49
133,24.505373,118.139099,2011-01-30 14:51:52
133,24.505371,118.139105,2011-01-30 14:51:54
133,24.505356,118.139075,2011-01-30 14:51:59
133,24.505334,118.139061,2011-01-30 14:52:04
133,24.505332,118.139082,2011-01-30 14:52:09
133,24.505334,118.139116,2011-01-30 14:52:14
133,24.505341,118.139168,2011-01-30 14:52:19
133,24.505333,118.139175,2011-01-30 14:52:24
133,24.505427,118.139043,2011-01-30 14:56:14
133,24.505362,118.138844,2011-01-30 14:56:28
133,24.505287,118.138884,2011-01-30 14:56:33
133,24.505285,118.138889,2011-01-30 14:56:38
133,24.505285,118.138889,2011-01-30 14:56:41
133,24.505285,118.138892,2011-01-30 14:56:43
133,24.505305,118.138882,2011-01-30 14:56:48
133,24.505313,118.138842,2011-01-30 14:56:53
133,24.505307,118.13874,2011-01-30 14:56:58
133,24.505336,118.138693,2011-01-30 14:57:03
133,24.505372,118.138633,2011-01-30 14:57:07
133,24.50539,118.138573,2011-01-30 14:57:11
133,24.505409,118.138546,2011-01-30 14:57:16
133,24.505354,118.138731,2011-01-30 14:57:19
133,24.505373,118.138743,2011-01-30 14:57:24
133,24.505301,118.139115,2011-01-30 14:57:25
133,24.505992,118.139237,2011-01-30 15:04:33
133,24.505972,118.139098,2011-01-30 15:04:34
133,24.505967,118.139075,2011-01-30 15:04:39
133,24.505968,118.139057,2011-01-30 15:04:44
133,24.505965,118.139046,2011-01-30 15:04:49
133,24.505965,118.139046,2011-01-30 15:04:52
133,24.50596,118.139042,2011-01-30 15:04:54
133,24.506025,118.138889,2011-01-30 15:04:59
133,24.50605,118.138775,2011-01-30 15:05:00
133,24.506107,118.138603,2011-01-30 15:05:02
133,24.50612,118.138498,2011-01-30 15:05:04
133,24.506057,118.138538,2011-01-30 15:05:05
133,24.50602,118.138546,2011-01-30 15:05:10
133,24.506003,118.138559,2011-01-30 15:05:15
133,24.505951,118.138587,2011-01-30 15:05:20
133,24.505929,118.138595,2011-01-30 15:05:25
133,24.505904,118.138651,2011-01-30 15:05:30
133,24.505895,118.138644,2011-01-30 15:05:35
133,24.5059,118.13863,2011-01-30 15:05:40
133,24.5059,118.13863,2011-01-30 15:05:43
133,24.5059,118.138622,2011-01-30 15:05:45
133,24.506,118.138732,2011-01-30 15:05:48
133,24.506049,118.138816,2011-01-30 15:05:50
133,24.506169,118.139032,2011-01-30 15:05:54
133,24.506192,118.139144,2011-01-30 15:05:55
133,24.506218,118.139182,2011-01-30 15:06:00
133,24.506236,118.139178,2011-01-30 15:06:05
133,24.506279,118.139178,2011-01-30 15:06:10
133,24.506335,118.13918,2011-01-30 15:06:15
133,24.506403,118.139193,2011-01-30 15:06:20
133,24.506521,118.139342,2011-01-30 15:06:25
133,24.506557,118.139344,2011-01-30 15:06:30
133,24.506636,118.139441,2011-01-30 15:06:34
133,24.506735,118.139506,2011-01-30 15:06:36
133,24.506831,118.13954,2011-01-30 15:06:38
133,24.506893,118.139599,2011-01-30 15:06:43
133,24.506884,118.139557,2011-01-30 15:06:48
133,24.50686,118.139531,2011-01-30 15:06:53
133,24.50686,118.139531,2011-01-30 15:06:56
133,24.506854,118.139533,2011-01-30 15:06:58
133,24.506825,118.139539,2011-01-30 15:07:03
133,24.506811,118.139587,2011-01-30 15:07:08
133,24.506811,118.139587,2011-01-30 15:07:11
133,24.506808,118.139582,2011-01-30 15:07:13
133,24.506808,118.139572,2011-01-30 15:07:18
133,24.506808,118.139555,2011-01-30 15:07:23
133,24.506822,118.13955,2011-01-30 15:07:28
133,24.50684,118.139546,2011-01-30 15:07:33
133,24.506865,118.139562,2011-01-30 15:07:38
133,24.506914,118.139461,2011-01-30 15:07:40
133,24.506926,118.139451,2011-01-30 15:07:45
133,24.506943,118.139486,2011-01-30 15:07:50
133,24.506954,118.139464,2011-01-30 15:07:55
133,24.507002,118.139512,2011-01-30 15:08:00
133,24.507007,118.139524,2011-01-30 15:08:05
133,24.506979,118.139533,2011-01-30 15:08:10
133,24.506978,118.139543,2011-01-30 15:08:15
133,24.506969,118.139546,2011-01-30 15:08:20
133,24.506944,118.139548,2011-01-30 15:08:25
133,24.506939,118.139565,2011-01-30 15:08:30
133,24.50694,118.139573,2011-01-30 15:08:35
133,24.50694,118.139573,2011-01-30 15:08:38
133,24.50694,118.139568,2011-01-30 15:08:40
133,24.506964,118.139533,2011-01-30 15:08:45
133,24.50697,118.139501,2011-01-30 15:08:50
133,24.50697,118.139501,2011-01-30 15:08:53
133,24.506974,118.139505,2011-01-30 15:08:55
133,24.507018,118.139534,2011-01-30 15:09:00
133,24.507034,118.139637,2011-01-30 15:09:05
133,24.506967,118.139708,2011-01-30 15:09:07
133,24.506903,118.139841,2011-01-30 15:09:09
133,24.506886,118.139992,2011-01-30 15:09:11
133,24.506882,118.140164,2011-01-30 15:09:13
133,24.506874,118.140307,2011-01-30 15:09:15
133,24.506856,118.140409,2011-01-30 15:09:17
133,24.506816,118.1405,2011-01-30 15:09:19
133,24.5068,118.140623,2011-01-30 15:09:21
133,24.5068,118.140787,2011-01-30 15:09:23
133,24.506802,118.140967,2011-01-30 15:09:25
133,24.506802,118.141156,2011-01-30 15:09:27
133,24.506815,118.141331,2011-01-30 15:09:29
133,24.506843,118.141498,2011-01-30 15:09:31
133,24.50683,118.141665,2011-01-30 15:09:33
133,24.506808,118.141834,2011-01-30 15:09:35
133,24.506775,118.141999,2011-01-30 15:09:37
133,24.506759,118.142188,2011-01-30 15:09:39
133,24.506744,118.142344,2011-01-30 15:09:41
133,24.506722,118.142533,2011-01-30 15:09:43
133,24.506717,118.142639,2011-01-30 15:09:44
133,24.50671,118.142749,2011-01-30 15:09:45
133,24.506704,118.142859,2011-01-30 15:09:46
133,24.506699,118.142976,2011-01-30 15:09:47
133,24.506675,118.143099,2011-01-30 15:09:48
133,24.506641,118.143222,2011-01-30 15:09:49
133,24.506633,118.14332,2011-01-30 15:09:50
133,24.506624,118.14348,2011-01-30 15:09:52
133,24.506625,118.143583,2011-01-30 15:09:54
133,24.506589,118.143629,2011-01-30 15:09:59
133,24.506588,118.143629,2011-01-30 15:10:04
133,24.506586,118.143627,2011-01-30 15:10:09
133,24.506586,118.143631,2011-01-30 15:10:14
133,24.506587,118.143635,2011-01-30 15:10:19
133,24.50659,118.143642,2011-01-30 15:10:24
133,24.50659,118.143642,2011-01-30 15:10:27
133,24.50659,118.143645,2011-01-30 15:10:29
133,24.506562,118.143671,2011-01-30 15:10:34
133,24.506561,118.143687,2011-01-30 15:10:39
133,24.506559,118.143712,2011-01-30 15:10:44
133,24.506544,118.143856,2011-01-30 15:10:48
133,24.506536,118.143963,2011-01-30 15:10:50
133,24.506529,118.144081,2011-01-30 15:10:52
133,24.506524,118.14423,2011-01-30 15:10:54
133,24.506526,118.144347,2011-01-30 15:10:56
133,24.50652,118.144471,2011-01-30 15:10:58
133,24.506521,118.144634,2011-01-30 15:11:00
133,24.506507,118.144818,2011-01-30 15:11:02
133,24.506502,118.145012,2011-01-30 15:11:04
133,24.506498,118.145113,2011-01-30 15:11:05
133,24.506494,118.145212,2011-01-30 15:11:06
133,24.506487,118.145315,2011-01-30 15:11:07
133,24.506489,118.145502,2011-01-30 15:11:09
133,24.506487,118.14567,2011-01-30 15:11:11
133,24.506486,118.145838,2011-01-30 15:11:13
133,24.506482,118.146016,2011-01-30 15:11:15
133,24.506487,118.146203,2011-01-30 15:11:17
133,24.506489,118.146397,2011-01-30 15:11:19
133,24.506476,118.146497,2011-01-30 15:11:20
133,24.506475,118.146682,2011-01-30 15:11:22
133,24.506468,118.146851,2011-01-30 15:11:24
133,24.506466,118.147016,2011-01-30 15:11:26
133,24.506469,118.147192,2011-01-30 15:11:28
133,24.506468,118.147381,2011-01-30 15:11:30
133,24.506466,118.14757,2011-01-30 15:11:32
133,24.506466,118.147756,2011-01-30 15:11:34
133,24.50646,118.147927,2011-01-30 15:11:36
133,24.506453,118.148083,2011-01-30 15:11:38
133,24.506448,118.148236,2011-01-30 15:11:40
133,24.506444,118.148403,2011-01-30 15:11:42
133,24.506439,118.148598,2011-01-30 15:11:44
133,24.506438,118.148707,2011-01-30 15:11:45
133,24.506437,118.148818,2011-01-30 15:11:46
133,24.506431,118.148925,2011-01-30 15:11:47
133,24.506428,118.149036,2011-01-30 15:11:48
133,24.506423,118.149143,2011-01-30 15:11:49
133,24.506416,118.149252,2011-01-30 15:11:50
133,24.506411,118.149365,2011-01-30 15:11:51
133,24.506388,118.149489,2011-01-30 15:11:52
133,24.506381,118.149591,2011-01-30 15:11:53
133,24.506376,118.149693,2011-01-30 15:11:54
133,24.506371,118.149886,2011-01-30 15:11:56
133,24.506373,118.150063,2011-01-30 15:11:58
133,24.506386,118.150233,2011-01-30 15:12:00
133,24.506371,118.150409,2011-01-30 15:12:02
133,24.506369,118.150545,2011-01-30 15:12:04
133,24.506363,118.150671,2011-01-30 15:12:07
133,24.506369,118.150681,2011-01-30 15:12:12
133,24.506369,118.15069,2011-01-30 15:12:17
133,24.506369,118.150692,2011-01-30 15:12:22
133,24.50637,118.150698,2011-01-30 15:12:27
133,24.50637,118.150698,2011-01-30 15:12:30
133,24.50637,118.150697,2011-01-30 15:12:32
133,24.506365,118.15076,2011-01-30 15:12:37
133,24.506363,118.150866,2011-01-30 15:12:39
133,24.506362,118.150978,2011-01-30 15:12:42
133,24.506359,118.151145,2011-01-30 15:12:45
133,24.506365,118.151319,2011-01-30 15:12:47
133,24.506367,118.151419,2011-01-30 15:12:48
133,24.506369,118.151522,2011-01-30 15:12:49
133,24.506369,118.151627,2011-01-30 15:12:50
133,24.506369,118.151726,2011-01-30 15:12:51
133,24.506372,118.151903,2011-01-30 15:12:53
133,24.506376,118.152055,2011-01-30 15:12:55
133,24.506381,118.152201,2011-01-30 15:12:57
133,24.506377,118.152305,2011-01-30 15:12:59
133,24.506374,118.152391,2011-01-30 15:13:04
133,24.506377,118.152492,2011-01-30 15:13:08
133,24.506381,118.152606,2011-01-30 15:13:11
133,24.506384,118.152698,2011-01-30 15:13:16
133,24.506359,118.152752,2011-01-30 15:13:21
133,24.506354,118.152777,2011-01-30 15:13:26
133,24.506367,118.152844,2011-01-30 15:13:31
133,24.506369,118.152988,2011-01-30 15:13:35
133,24.506364,118.153149,2011-01-30 15:13:37
133,24.506365,118.153249,2011-01-30 15:13:38
133,24.506367,118.153351,2011-01-30 15:13:39
133,24.50637,118.153452,2011-01-30 15:13:40
133,24.506374,118.153556,2011-01-30 15:13:41
133,24.506375,118.153657,2011-01-30 15:13:42
133,24.506372,118.153758,2011-01-30 15:13:43
133,24.506358,118.153939,2011-01-30 15:13:45
133,24.506343,118.1541,2011-01-30 15:13:47
133,24.506337,118.154233,2011-01-30 15:13:49
133,24.506336,118.154349,2011-01-30 15:13:51
133,24.506329,118.154457,2011-01-30 15:13:54
133,24.50633,118.15448,2011-01-30 15:13:59
133,24.50633,118.15448,2011-01-30 15:14:02
133,24.50633,118.154478,2011-01-30 15:14:04
133,24.50633,118.154487,2011-01-30 15:14:09
133,24.506326,118.154616,2011-01-30 15:14:12
133,24.506332,118.154736,2011-01-30 15:14:15
133,24.50637,118.154855,2011-01-30 15:14:19
133,24.50641,118.154951,2011-01-30 15:14:21
133,24.506475,118.155028,2011-01-30 15:14:23
133,24.506564,118.155088,2011-01-30 15:14:25
133,24.506717,118.155148,2011-01-30 15:14:27
133,24.506809,118.15517,2011-01-30 15:14:28
133,24.50691,118.15519,2011-01-30 15:14:29
133,24.507019,118.155211,2011-01-30 15:14:30
133,24.507139,118.15523,2011-01-30 15:14:31
133,24.507266,118.155242,2011-01-30 15:14:32
133,24.507396,118.155257,2011-01-30 15:14:33
133,24.507531,118.155274,2011-01-30 15:14:34
133,24.507664,118.155291,2011-01-30 15:14:35
133,24.5078,118.155313,2011-01-30 15:14:36
133,24.507936,118.155336,2011-01-30 15:14:37
133,24.508073,118.155349,2011-01-30 15:14:38
133,24.508215,118.155354,2011-01-30 15:14:39
133,24.508355,118.15536,2011-01-30 15:14:40
133,24.508494,118.155362,2011-01-30 15:14:41
133,24.508638,118.155362,2011-01-30 15:14:42
133,24.508784,118.155359,2011-01-30 15:14:43
133,24.50893,118.155345,2011-01-30 15:14:44
133,24.509073,118.155332,2011-01-30 15:14:45
133,24.509218,118.155325,2011-01-30 15:14:46
133,24.509363,118.155315,2011-01-30 15:14:47
133,24.509511,118.155296,2011-01-30 15:14:48
133,24.509657,118.155282,2011-01-30 15:14:49
133,24.509797,118.155258,2011-01-30 15:14:50
133,24.50994,118.155239,2011-01-30 15:14:51
133,24.510077,118.155213,2011-01-30 15:14:52
133,24.51021,118.155188,2011-01-30 15:14:53
133,24.510341,118.155157,2011-01-30 15:14:54
133,24.510459,118.155129,2011-01-30 15:14:55
133,24.510555,118.155102,2011-01-30 15:14:56
133,24.510711,118.155064,2011-01-30 15:14:58
133,24.510849,118.15503,2011-01-30 15:15:00
133,24.51098,118.155004,2011-01-30 15:15:02
133,24.511106,118.15498,2011-01-30 15:15:04
133,24.511237,118.154952,2011-01-30 15:15:06
133,24.511392,118.154926,2011-01-30 15:15:08
133,24.511485,118.154914,2011-01-30 15:15:09
133,24.511592,118.154898,2011-01-30 15:15:10
133,24.511767,118.154857,2011-01-30 15:15:12
133,24.511934,118.154818,2011-01-30 15:15:14
133,24.512029,118.154801,2011-01-30 15:15:15
133,24.512123,118.154781,2011-01-30 15:15:16
133,24.512231,118.154756,2011-01-30 15:15:17
133,24.512344,118.15473,2011-01-30 15:15:18
133,24.512468,118.154707,2011-01-30 15:15:19
133,24.512598,118.154684,2011-01-30 15:15:20
133,24.512732,118.154662,2011-01-30 15:15:21
133,24.51286,118.154642,2011-01-30 15:15:22
133,24.512979,118.15462,2011-01-30 15:15:23
133,24.513092,118.154612,2011-01-30 15:15:24
133,24.513209,118.15458,2011-01-30 15:15:25
133,24.513318,118.154547,2011-01-30 15:15:26
133,24.513475,118.154515,2011-01-30 15:15:28
133,24.513596,118.154501,2011-01-30 15:15:30
133,24.513704,118.154529,2011-01-30 15:15:32
133,24.513794,118.154612,2011-01-30 15:15:34
133,24.513849,118.154716,2011-01-30 15:15:36
133,24.513885,118.154843,2011-01-30 15:15:38
133,24.513897,118.155018,2011-01-30 15:15:40
133,24.513901,118.155119,2011-01-30 15:15:41
133,24.513904,118.155228,2011-01-30 15:15:42
133,24.513905,118.15535,2011-01-30 15:15:43
133,24.513906,118.15548,2011-01-30 15:15:44
133,24.513907,118.155617,2011-01-30 15:15:45
133,24.513913,118.155765,2011-01-30 15:15:46
133,24.513921,118.155915,2011-01-30 15:15:47
133,24.513928,118.156076,2011-01-30 15:15:48
133,24.513929,118.156241,2011-01-30 15:15:49
133,24.513939,118.15641,2011-01-30 15:15:50
133,24.513941,118.156575,2011-01-30 15:15:51
133,24.513944,118.156746,2011-01-30 15:15:52
133,24.513949,118.156921,2011-01-30 15:15:53
133,24.513952,118.157092,2011-01-30 15:15:54
133,24.513952,118.157261,2011-01-30 15:15:55
133,24.513954,118.157425,2011-01-30 15:15:56
133,24.513959,118.157573,2011-01-30 15:15:57
133,24.513962,118.157707,2011-01-30 15:15:58
133,24.513964,118.157828,2011-01-30 15:15:59
133,24.513971,118.157936,2011-01-30 15:16:00
133,24.513979,118.158108,2011-01-30 15:16:02
133,24.514009,118.158239,2011-01-30 15:16:04
133,24.514064,118.158328,2011-01-30 15:16:06
133,24.514154,118.158362,2011-01-30 15:16:08
133,24.514269,118.158351,2011-01-30 15:16:10
133,24.514419,118.158284,2011-01-30 15:16:12
133,24.514508,118.15824,2011-01-30 15:16:13
133,24.514605,118.15819,2011-01-30 15:16:14
133,24.514713,118.158136,2011-01-30 15:16:15
133,24.51483,118.15808,2011-01-30 15:16:16
133,24.514955,118.158024,2011-01-30 15:16:17
133,24.515089,118.15796,2011-01-30 15:16:18
133,24.515225,118.157907,2011-01-30 15:16:19
133,24.51537,118.157851,2011-01-30 15:16:20
133,24.515515,118.157795,2011-01-30 15:16:21
133,24.515665,118.157742,2011-01-30 15:16:22
133,24.515823,118.157693,2011-01-30 15:16:23
133,24.515987,118.157647,2011-01-30 15:16:24
133,24.516154,118.157606,2011-01-30 15:16:25
133,24.516324,118.157572,2011-01-30 15:16:26
133,24.516491,118.157556,2011-01-30 15:16:27
133,24.516653,118.157542,2011-01-30 15:16:28
133,24.516811,118.157538,2011-01-30 15:16:29
133,24.516974,118.15755,2011-01-30 15:16:30
133,24.517138,118.157572,2011-01-30 15:16:31
133,24.517289,118.157592,2011-01-30 15:16:32
133,24.517435,118.157612,2011-01-30 15:16:33
133,24.517577,118.157634,2011-01-30 15:16:34
133,24.517721,118.157661,2011-01-30 15:16:35
133,24.51786,118.157703,2011-01-30 15:16:36
133,24.517996,118.157756,2011-01-30 15:16:37
133,24.518118,118.157804,2011-01-30 15:16:38
133,24.518237,118.157852,2011-01-30 15:16:39
133,24.518352,118.157899,2011-01-30 15:16:40
133,24.518465,118.157947,2011-01-30 15:16:41
133,24.518576,118.157997,2011-01-30 15:16:42
133,24.518683,118.158058,2011-01-30 15:16:43
133,24.518782,118.158118,2011-01-30 15:16:44
133,24.518878,118.158184,2011-01-30 15:16:45
133,24.518976,118.158252,2011-01-30 15:16:46
133,24.519072,118.158324,2011-01-30 15:16:47
133,24.519172,118.158403,2011-01-30 15:16:48
133,24.519275,118.158489,2011-01-30 15:16:49
133,24.519378,118.158584,2011-01-30 15:16:50
133,24.519483,118.158684,2011-01-30 15:16:51
133,24.519585,118.158798,2011-01-30 15:16:52
133,24.51969,118.158918,2011-01-30 15:16:53
133,24.519789,118.159041,2011-01-30 15:16:54
133,24.519887,118.159167,2011-01-30 15:16:55
133,24.519979,118.159299,2011-01-30 15:16:56
133,24.520078,118.15943,2011-01-30 15:16:57
133,24.520166,118.15957,2011-01-30 15:16:58
133,24.520245,118.159717,2011-01-30 15:16:59
133,24.520324,118.159862,2011-01-30 15:17:00
133,24.520399,118.160009,2011-01-30 15:17:01
133,24.520459,118.160162,2011-01-30 15:17:02
133,24.52051,118.160317,2011-01-30 15:17:03
133,24.520555,118.160463,2011-01-30 15:17:04
133,24.520594,118.160608,2011-01-30 15:17:05
133,24.52063,118.160747,2011-01-30 15:17:06
133,24.52066,118.160889,2011-01-30 15:17:07
133,24.520685,118.161027,2011-01-30 15:17:08
133,24.520702,118.161162,2011-01-30 15:17:09
133,24.520709,118.16129,2011-01-30 15:17:10
133,24.52072,118.161404,2011-01-30 15:17:11
133,24.520727,118.16151,2011-01-30 15:17:12
133,24.520733,118.161612,2011-01-30 15:17:13
133,24.520706,118.161795,2011-01-30 15:17:15
133,24.520627,118.161938,2011-01-30 15:17:17
133,24.520501,118.162065,2011-01-30 15:17:19
133,24.520419,118.162132,2011-01-30 15:17:20
133,24.52033,118.162203,2011-01-30 15:17:21
133,24.520233,118.16228,2011-01-30 15:17:22
133,24.520132,118.162361,2011-01-30 15:17:23
133,24.52002,118.162446,2011-01-30 15:17:24
133,24.519902,118.162536,2011-01-30 15:17:25
133,24.51978,118.162626,2011-01-30 15:17:26
133,24.519654,118.162721,2011-01-30 15:17:27
133,24.519524,118.162821,2011-01-30 15:17:28
133,24.519387,118.162928,2011-01-30 15:17:29
133,24.519246,118.163037,2011-01-30 15:17:30
133,24.519098,118.163149,2011-01-30 15:17:31
133,24.518944,118.163263,2011-01-30 15:17:32
133,24.518785,118.163378,2011-01-30 15:17:33
133,24.518621,118.163495,2011-01-30 15:17:34
133,24.518455,118.163614,2011-01-30 15:17:35
133,24.518284,118.163737,2011-01-30 15:17:36
133,24.518114,118.163858,2011-01-30 15:17:37
133,24.517945,118.163981,2011-01-30 15:17:38
133,24.517777,118.164106,2011-01-30 15:17:39
133,24.517611,118.16423,2011-01-30 15:17:40
133,24.517443,118.164352,2011-01-30 15:17:41
133,24.517275,118.164474,2011-01-30 15:17:42
133,24.517106,118.1646,2011-01-30 15:17:43
133,24.51694,118.164724,2011-01-30 15:17:44
133,24.516771,118.164844,2011-01-30 15:17:45
133,24.51661,118.164963,2011-01-30 15:17:46
133,24.516453,118.165082,2011-01-30 15:17:47
133,24.516295,118.165195,2011-01-30 15:17:48
133,24.516143,118.165308,2011-01-30 15:17:49
133,24.515992,118.165417,2011-01-30 15:17:50
133,24.515843,118.165522,2011-01-30 15:17:51
133,24.515699,118.165628,2011-01-30 15:17:52
133,24.515557,118.16573,2011-01-30 15:17:53
133,24.515419,118.16583,2011-01-30 15:17:54
133,24.515283,118.165928,2011-01-30 15:17:55
133,24.515151,118.166026,2011-01-30 15:17:56
133,24.51502,118.166122,2011-01-30 15:17:57
133,24.514892,118.166215,2011-01-30 15:17:58
133,24.514775,118.166302,2011-01-30 15:17:59
133,24.514667,118.166381,2011-01-30 15:18:00
133,24.514566,118.166455,2011-01-30 15:18:01
133,24.514465,118.166526,2011-01-30 15:18:02
133,24.514369,118.166598,2011-01-30 15:18:03
133,24.514272,118.166671,2011-01-30 15:18:04
133,24.514179,118.166743,2011-01-30 15:18:05
133,24.514086,118.166813,2011-01-30 15:18:06
133,24.513997,118.166883,2011-01-30 15:18:07
133,24.513908,118.166952,2011-01-30 15:18:08
133,24.513822,118.16702,2011-01-30 15:18:09
133,24.513736,118.167088,2011-01-30 15:18:10
133,24.513651,118.167152,2011-01-30 15:18:11
133,24.513567,118.167214,2011-01-30 15:18:12
133,24.513485,118.167276,2011-01-30 15:18:13
133,24.513405,118.167337,2011-01-30 15:18:14
133,24.513331,118.167394,2011-01-30 15:18:15
133,24.513198,118.16749,2011-01-30 15:18:17
133,24.5131,118.167588,2011-01-30 15:18:19
133,24.513025,118.167698,2011-01-30 15:18:21
133,24.51299,118.167819,2011-01-30 15:18:23
133,24.512984,118.167945,2011-01-30 15:18:25
133,24.513004,118.168093,2011-01-30 15:18:27
133,24.513063,118.168281,2011-01-30 15:18:29
133,24.513105,118.168385,2011-01-30 15:18:30
133,24.513152,118.168492,2011-01-30 15:18:31
133,24.513209,118.168605,2011-01-30 15:18:32
133,24.513269,118.168719,2011-01-30 15:18:33
133,24.513331,118.168836,2011-01-30 15:18:34
133,24.513397,118.168957,2011-01-30 15:18:35
133,24.513471,118.16908,2011-01-30 15:18:36
133,24.513546,118.169208,2011-01-30 15:18:37
133,24.513623,118.16934,2011-01-30 15:18:38
133,24.513708,118.169471,2011-01-30 15:18:39
133,24.513798,118.169598,2011-01-30 15:18:40
133,24.51389,118.169727,2011-01-30 15:18:41
133,24.513987,118.169857,2011-01-30 15:18:42
133,24.514088,118.169988,2011-01-30 15:18:43
133,24.514196,118.170119,2011-01-30 15:18:44
133,24.514307,118.170252,2011-01-30 15:18:45
133,24.514425,118.170381,2011-01-30 15:18:46
133,24.514535,118.170509,2011-01-30 15:18:47
133,24.514652,118.170632,2011-01-30 15:18:48
133,24.514766,118.170755,2011-01-30 15:18:49
133,24.514868,118.170878,2011-01-30 15:18:50
133,24.514962,118.171008,2011-01-30 15:18:51
133,24.515056,118.171141,2011-01-30 15:18:52
133,24.515139,118.171283,2011-01-30 15:18:53
133,24.515219,118.171428,2011-01-30 15:18:54
133,24.515288,118.171579,2011-01-30 15:18:55
133,24.515352,118.171732,2011-01-30 15:18:56
133,24.515407,118.171887,2011-01-30 15:18:57
133,24.515458,118.172042,2011-01-30 15:18:58
133,24.515514,118.172188,2011-01-30 15:18:59
133,24.515568,118.172334,2011-01-30 15:19:00
133,24.51562,118.172476,2011-01-30 15:19:01
133,24.515674,118.172616,2011-01-30 15:19:02
133,24.515722,118.172755,2011-01-30 15:19:03
133,24.515769,118.172892,2011-01-30 15:19:04
133,24.515817,118.173031,2011-01-30 15:19:05
133,24.515863,118.173171,2011-01-30 15:19:06
133,24.515914,118.173307,2011-01-30 15:19:07
133,24.515965,118.173443,2011-01-30 15:19:08
133,24.516019,118.173574,2011-01-30 15:19:09
133,24.516078,118.1737,2011-01-30 15:19:10
133,24.516137,118.173825,2011-01-30 15:19:11
133,24.516204,118.17394,2011-01-30 15:19:12
133,24.516276,118.174047,2011-01-30 15:19:13
133,24.516345,118.174148,2011-01-30 15:19:14
133,24.516415,118.174246,2011-01-30 15:19:15
133,24.516491,118.174338,2011-01-30 15:19:16
133,24.51657,118.174426,2011-01-30 15:19:17
133,24.516657,118.174508,2011-01-30 15:19:18
133,24.516749,118.174591,2011-01-30 15:19:19
133,24.516842,118.17467,2011-01-30 15:19:20
133,24.516941,118.174748,2011-01-30 15:19:21
133,24.517046,118.17482,2011-01-30 15:19:22
133,24.517152,118.174896,2011-01-30 15:19:23
133,24.51726,118.174972,2011-01-30 15:19:24
133,24.517372,118.175059,2011-01-30 15:19:25
133,24.517471,118.175137,2011-01-30 15:19:26
133,24.51756,118.17521,2011-01-30 15:19:27
133,24.517644,118.175272,2011-01-30 15:19:28
133,24.517725,118.175335,2011-01-30 15:19:29
133,24.517801,118.175408,2011-01-30 15:19:30
133,24.517866,118.175488,2011-01-30 15:19:31
133,24.517928,118.175568,2011-01-30 15:19:32
133,24.517987,118.175649,2011-01-30 15:19:33
133,24.518042,118.175728,2011-01-30 15:19:34
133,24.518134,118.175871,2011-01-30 15:19:36
133,24.518175,118.176013,2011-01-30 15:19:38
133,24.518158,118.176137,2011-01-30 15:19:40
133,24.518085,118.176251,2011-01-30 15:19:42
133,24.517967,118.176319,2011-01-30 15:19:44
133,24.517805,118.17639,2011-01-30 15:19:46
133,24.517715,118.176438,2011-01-30 15:19:47
133,24.51762,118.176486,2011-01-30 15:19:48
133,24.517518,118.176534,2011-01-30 15:19:49
133,24.517415,118.176586,2011-01-30 15:19:50
133,24.517315,118.17664,2011-01-30 15:19:51
133,24.517215,118.176693,2011-01-30 15:19:52
133,24.517121,118.176747,2011-01-30 15:19:53
133,24.517029,118.176802,2011-01-30 15:19:54
133,24.516942,118.176858,2011-01-30 15:19:55
133,24.516853,118.176912,2011-01-30 15:19:56
133,24.516764,118.176974,2011-01-30 15:19:57
133,24.516671,118.177043,2011-01-30 15:19:58
133,24.516572,118.177114,2011-01-30 15:19:59
133,24.516471,118.17719,2011-01-30 15:20:00
133,24.516369,118.177268,2011-01-30 15:20:01
133,24.516271,118.177345,2011-01-30 15:20:02
133,24.516174,118.177425,2011-01-30 15:20:03
133,24.516085,118.177507,2011-01-30 15:20:04
133,24.515996,118.17759,2011-01-30 15:20:05
133,24.515909,118.177673,2011-01-30 15:20:06
133,24.515822,118.17776,2011-01-30 15:20:07
133,24.515738,118.177848,2011-01-30 15:20:08
133,24.515654,118.177939,2011-01-30 15:20:09
133,24.51557,118.17803,2011-01-30 15:20:10
133,24.515488,118.178123,2011-01-30 15:20:11
133,24.515405,118.178219,2011-01-30 15:20:12
133,24.51532,118.178315,2011-01-30 15:20:13
133,24.515233,118.17841,2011-01-30 15:20:14
133,24.515145,118.17851,2011-01-30 15:20:15
133,24.515052,118.178616,2011-01-30 15:20:16
133,24.514951,118.178727,2011-01-30 15:20:17
133,24.514848,118.178837,2011-01-30 15:20:18
133,24.514748,118.178949,2011-01-30 15:20:19
133,24.514649,118.179064,2011-01-30 15:20:20
133,24.514538,118.17918,2011-01-30 15:20:21
133,24.514423,118.179291,2011-01-30 15:20:22
133,24.514333,118.179401,2011-01-30 15:20:23
133,24.514245,118.179496,2011-01-30 15:20:24
133,24.514161,118.179568,2011-01-30 15:20:25
133,24.514083,118.179639,2011-01-30 15:20:26
133,24.514,118.179678,2011-01-30 15:20:27
133,24.51384,118.179716,2011-01-30 15:20:29
133,24.513693,118.179662,2011-01-30 15:20:31
133,24.513559,118.179544,2011-01-30 15:20:33
133,24.513463,118.179386,2011-01-30 15:20:35
133,24.513434,118.1792,2011-01-30 15:20:37
133,24.513476,118.179014,2011-01-30 15:20:39
133,24.513525,118.178923,2011-01-30 15:20:40
133,24.513595,118.178843,2011-01-30 15:20:41
133,24.51367,118.178777,2011-01-30 15:20:42
133,24.51376,118.178727,2011-01-30 15:20:43
133,24.513853,118.178702,2011-01-30 15:20:44
133,24.513956,118.17871,2011-01-30 15:20:45
133,24.51412,118.178741,2011-01-30 15:20:47
133,24.514285,118.178814,2011-01-30 15:20:49
133,24.51438,118.178866,2011-01-30 15:20:50
133,24.51448,118.178925,2011-01-30 15:20:51
133,24.514584,118.178988,2011-01-30 15:20:52
133,24.514691,118.179048,2011-01-30 15:20:53
133,24.514807,118.179113,2011-01-30 15:20:54
133,24.514924,118.179181,2011-01-30 15:20:55
133,24.515044,118.179255,2011-01-30 15:20:56
133,24.515169,118.17933,2011-01-30 15:20:57
133,24.515297,118.179412,2011-01-30 15:20:58
133,24.515425,118.179503,2011-01-30 15:20:59
133,24.515556,118.179598,2011-01-30 15:21:00
133,24.515688,118.179696,2011-01-30 15:21:01
133,24.515828,118.179801,2011-01-30 15:21:02
133,24.515969,118.179899,2011-01-30 15:21:03
133,24.516112,118.180005,2011-01-30 15:21:04
133,24.516252,118.180114,2011-01-30 15:21:05
133,24.51639,118.180216,2011-01-30 15:21:06
133,24.516531,118.180321,2011-01-30 15:21:07
133,24.516671,118.180422,2011-01-30 15:21:08
133,24.516812,118.180521,2011-01-30 15:21:09
133,24.516947,118.180619,2011-01-30 15:21:10
133,24.517083,118.180723,2011-01-30 15:21:11
133,24.517216,118.180823,2011-01-30 15:21:12
133,24.517348,118.180921,2011-01-30 15:21:13
133,24.517478,118.181022,2011-01-30 15:21:14
133,24.517607,118.18112,2011-01-30 15:21:15
133,24.517734,118.181223,2011-01-30 15:21:16
133,24.517858,118.181323,2011-01-30 15:21:17
133,24.517982,118.18142,2011-01-30 15:21:18
133,24.518104,118.181517,2011-01-30 15:21:19
133,24.518226,118.181614,2011-01-30 15:21:20
133,24.518347,118.18171,2011-01-30 15:21:21
133,24.518467,118.181807,2011-01-30 15:21:22
133,24.518588,118.181904,2011-01-30 15:21:23
133,24.518709,118.182,2011-01-30 15:21:24
133,24.51883,118.182097,2011-01-30 15:21:25
133,24.56063,118.2185,2011-01-30 15:28:02
133,24.560782,118.218664,2011-01-30 15:28:03
133,24.560873,118.21875,2011-01-30 15:28:04
133,24.560993,118.218813,2011-01-30 15:28:05
133,24.561103,118.21885,2011-01-30 15:28:06
133,24.56121,118.218897,2011-01-30 15:28:07
133,24.561324,118.21896,2011-01-30 15:28:08
133,24.561446,118.219025,2011-01-30 15:28:09
133,24.561563,118.219087,2011-01-30 15:28:10
133,24.561677,118.21915,2011-01-30 15:28:11
133,24.561795,118.219211,2011-01-30 15:28:12
133,24.561913,118.219268,2011-01-30 15:28:13
133,24.562031,118.219342,2011-01-30 15:28:14
133,24.562152,118.219405,2011-01-30 15:28:15
133,24.562274,118.219461,2011-01-30 15:28:16
133,24.562392,118.219525,2011-01-30 15:28:17
133,24.562512,118.219591,2011-01-30 15:28:18
133,24.562628,118.219655,2011-01-30 15:28:19
133,24.562736,118.219721,2011-01-30 15:28:20
133,24.56284,118.219783,2011-01-30 15:28:21
133,24.562943,118.219842,2011-01-30 15:28:22
133,24.563046,118.219908,2011-01-30 15:28:23
133,24.563155,118.219971,2011-01-30 15:28:24
133,24.563263,118.220039,2011-01-30 15:28:25
133,24.563375,118.220104,2011-01-30 15:28:26
133,24.563494,118.220174,2011-01-30 15:28:27
133,24.563612,118.220245,2011-01-30 15:28:28
133,24.563733,118.220319,2011-01-30 15:28:29
133,24.563855,118.220391,2011-01-30 15:28:30
133,24.56398,118.220467,2011-01-30 15:28:31
133,24.564102,118.220545,2011-01-30 15:28:32
133,24.564222,118.220631,2011-01-30 15:28:33
133,24.564342,118.220716,2011-01-30 15:28:34
133,24.564465,118.220803,2011-01-30 15:28:35
133,24.564586,118.220893,2011-01-30 15:28:36
133,24.564706,118.220989,2011-01-30 15:28:37
133,24.564826,118.221087,2011-01-30 15:28:38
133,24.564946,118.221182,2011-01-30 15:28:39
133,24.565064,118.221279,2011-01-30 15:28:40
133,24.565182,118.22138,2011-01-30 15:28:41
133,24.565298,118.221483,2011-01-30 15:28:42
133,24.565415,118.22159,2011-01-30 15:28:43
133,24.565527,118.221696,2011-01-30 15:28:44
133,24.565631,118.221798,2011-01-30 15:28:45
133,24.565732,118.221894,2011-01-30 15:28:46
133,24.565829,118.221982,2011-01-30 15:28:47
133,24.565915,118.222072,2011-01-30 15:28:48
133,24.565999,118.222152,2011-01-30 15:28:49
133,24.56608,118.222227,2011-01-30 15:28:50
133,24.566153,118.222295,2011-01-30 15:28:51
133,24.566227,118.222362,2011-01-30 15:28:52
133,24.566353,118.222466,2011-01-30 15:28:54
133,24.566448,118.222546,2011-01-30 15:28:56
133,24.566533,118.222624,2011-01-30 15:28:58
133,24.566619,118.222711,2011-01-30 15:29:00
133,24.566718,118.222812,2011-01-30 15:29:02
133,24.566837,118.222927,2011-01-30 15:29:04
133,24.566907,118.222994,2011-01-30 15:29:05
133,24.566974,118.223069,2011-01-30 15:29:06
133,24.567037,118.223143,2011-01-30 15:29:07
133,24.56711,118.223229,2011-01-30 15:29:08
133,24.567186,118.223313,2011-01-30 15:29:09
133,24.567268,118.223401,2011-01-30 15:29:10
133,24.567351,118.223492,2011-01-30 15:29:11
133,24.567439,118.223584,2011-01-30 15:29:12
133,24.567524,118.223674,2011-01-30 15:29:13
133,24.567607,118.223764,2011-01-30 15:29:14
133,24.567685,118.223852,2011-01-30 15:29:15
133,24.56777,118.22395,2011-01-30 15:29:16
133,24.567856,118.22405,2011-01-30 15:29:17
133,24.567946,118.224155,2011-01-30 15:29:18
133,24.568041,118.224264,2011-01-30 15:29:19
133,24.568137,118.22438,2011-01-30 15:29:20
133,24.568235,118.224495,2011-01-30 15:29:21
133,24.568334,118.224613,2011-01-30 15:29:22
133,24.568427,118.22473,2011-01-30 15:29:23
133,24.568522,118.224851,2011-01-30 15:29:24
133,24.568618,118.224964,2011-01-30 15:29:25
133,24.568711,118.225078,2011-01-30 15:29:26
133,24.5688,118.225193,2011-01-30 15:29:27
133,24.56889,118.225308,2011-01-30 15:29:28
133,24.568981,118.22542,2011-01-30 15:29:29
133,24.569069,118.225536,2011-01-30 15:29:30
133,24.569158,118.225651,2011-01-30 15:29:31
133,24.569248,118.225773,2011-01-30 15:29:32
133,24.569343,118.225898,2011-01-30 15:29:33
133,24.56944,118.226028,2011-01-30 15:29:34
133,24.569538,118.22616,2011-01-30 15:29:35
133,24.569641,118.226298,2011-01-30 15:29:36
133,24.569746,118.226436,2011-01-30 15:29:37
133,24.569852,118.226576,2011-01-30 15:29:38
133,24.569965,118.226713,2011-01-30 15:29:39
133,24.570077,118.226856,2011-01-30 15:29:40
133,24.570194,118.226997,2011-01-30 15:29:41
133,24.570317,118.227137,2011-01-30 15:29:42
133,24.570439,118.22728,2011-01-30 15:29:43
133,24.570561,118.227427,2011-01-30 15:29:44
133,24.570689,118.22757,2011-01-30 15:29:45
133,24.570817,118.227716,2011-01-30 15:29:46
133,24.570945,118.227861,2011-01-30 15:29:47
133,24.571074,118.228007,2011-01-30 15:29:48
133,24.571203,118.228152,2011-01-30 15:29:49
133,24.571331,118.228295,2011-01-30 15:29:50
133,24.571457,118.228434,2011-01-30 15:29:51
133,24.571581,118.228561,2011-01-30 15:29:52
133,24.571706,118.228694,2011-01-30 15:29:53
133,24.571831,118.228819,2011-01-30 15:29:54
133,24.571961,118.228944,2011-01-30 15:29:55
133,24.572092,118.229064,2011-01-30 15:29:56
133,24.572223,118.229196,2011-01-30 15:29:57
133,24.572356,118.229323,2011-01-30 15:29:58
133,24.572493,118.22945,2011-01-30 15:29:59
133,24.572632,118.229577,2011-01-30 15:30:00
133,24.57277,118.229697,2011-01-30 15:30:01
133,24.57291,118.229818,2011-01-30 15:30:02
133,24.573052,118.229938,2011-01-30 15:30:03
133,24.5732,118.23006,2011-01-30 15:30:04
133,24.573347,118.230181,2011-01-30 15:30:05
133,24.573492,118.230296,2011-01-30 15:30:06
133,24.57364,118.230414,2011-01-30 15:30:07
133,24.573782,118.230525,2011-01-30 15:30:08
133,24.573924,118.230636,2011-01-30 15:30:09
133,24.57407,118.230746,2011-01-30 15:30:10
133,24.574212,118.230851,2011-01-30 15:30:11
133,24.574358,118.230964,2011-01-30 15:30:12
133,24.574505,118.231068,2011-01-30 15:30:13
133,24.574658,118.231178,2011-01-30 15:30:14
133,24.574808,118.231287,2011-01-30 15:30:15
133,24.574951,118.231389,2011-01-30 15:30:16
133,24.575087,118.231489,2011-01-30 15:30:17
133,24.575213,118.231578,2011-01-30 15:30:18
133,24.575332,118.231665,2011-01-30 15:30:19
133,24.575451,118.231751,2011-01-30 15:30:20
133,24.575568,118.231836,2011-01-30 15:30:21
133,24.575691,118.231925,2011-01-30 15:30:22
133,24.575816,118.232014,2011-01-30 15:30:23
133,24.575945,118.232103,2011-01-30 15:30:24
133,24.576075,118.232193,2011-01-30 15:30:25
133,24.576199,118.232282,2011-01-30 15:30:26
133,24.576318,118.232367,2011-01-30 15:30:27
133,24.576434,118.232447,2011-01-30 15:30:28
133,24.576542,118.232524,2011-01-30 15:30:29
133,24.576649,118.232598,2011-01-30 15:30:30
133,24.576756,118.232672,2011-01-30 15:30:31
133,24.576863,118.232746,2011-01-30 15:30:32
133,24.576969,118.23282,2011-01-30 15:30:33
133,24.577079,118.232891,2011-01-30 15:30:34
133,24.577188,118.232963,2011-01-30 15:30:35
133,24.577299,118.233037,2011-01-30 15:30:36
133,24.577413,118.23311,2011-01-30 15:30:37
133,24.577532,118.233188,2011-01-30 15:30:38
133,24.577655,118.233268,2011-01-30 15:30:39
133,24.577785,118.233351,2011-01-30 15:30:40
133,24.577917,118.233434,2011-01-30 15:30:41
133,24.578054,118.23352,2011-01-30 15:30:42
133,24.578195,118.233604,2011-01-30 15:30:43
133,24.578341,118.233691,2011-01-30 15:30:44
133,24.578492,118.233778,2011-01-30 15:30:45
133,24.578645,118.233865,2011-01-30 15:30:46
133,24.578797,118.233949,2011-01-30 15:30:47
133,24.578954,118.234033,2011-01-30 15:30:48
133,24.579116,118.234115,2011-01-30 15:30:49
133,24.579281,118.234195,2011-01-30 15:30:50
133,24.579449,118.234276,2011-01-30 15:30:51
133,24.57962,118.23436,2011-01-30 15:30:52
133,24.579788,118.23444,2011-01-30 15:30:53
133,24.579955,118.234518,2011-01-30 15:30:54
133,24.580123,118.234595,2011-01-30 15:30:55
133,24.580287,118.234664,2011-01-30 15:30:56
133,24.580452,118.234732,2011-01-30 15:30:57
133,24.580613,118.234793,2011-01-30 15:30:58
133,24.580771,118.234848,2011-01-30 15:30:59
133,24.580926,118.234904,2011-01-30 15:31:00
133,24.581081,118.23496,2011-01-30 15:31:01
133,24.581233,118.23501,2011-01-30 15:31:02
133,24.581385,118.235057,2011-01-30 15:31:03
133,24.581535,118.235106,2011-01-30 15:31:04
133,24.581682,118.235155,2011-01-30 15:31:05
133,24.581828,118.235198,2011-01-30 15:31:06
133,24.581974,118.235244,2011-01-30 15:31:07
133,24.582118,118.235287,2011-01-30 15:31:08
133,24.582258,118.235324,2011-01-30 15:31:09
133,24.582405,118.235362,2011-01-30 15:31:10
133,24.582554,118.235402,2011-01-30 15:31:11
133,24.582714,118.235448,2011-01-30 15:31:12
133,24.582874,118.235489,2011-01-30 15:31:13
133,24.583038,118.23553,2011-01-30 15:31:14
133,24.583201,118.235567,2011-01-30 15:31:15
133,24.58337,118.235607,2011-01-30 15:31:16
133,24.583533,118.235638,2011-01-30 15:31:17
133,24.583704,118.23567,2011-01-30 15:31:18
133,24.58387,118.235701,2011-01-30 15:31:19
133,24.584039,118.235731,2011-01-30 15:31:20
133,24.584205,118.235754,2011-01-30 15:31:21
133,24.584373,118.235772,2011-01-30 15:31:22
133,24.584539,118.235789,2011-01-30 15:31:23
133,24.584704,118.235806,2011-01-30 15:31:24
133,24.584869,118.235824,2011-01-30 15:31:25
133,24.585034,118.235841,2011-01-30 15:31:26
133,24.585199,118.235852,2011-01-30 15:31:27
133,24.585358,118.235857,2011-01-30 15:31:28
133,24.58552,118.235869,2011-01-30 15:31:29
133,24.585685,118.235881,2011-01-30 15:31:30
133,24.585849,118.235892,2011-01-30 15:31:31
133,24.586011,118.235901,2011-01-30 15:31:32
133,24.586173,118.235906,2011-01-30 15:31:33
133,24.586336,118.235908,2011-01-30 15:31:34
133,24.586499,118.235909,2011-01-30 15:31:35
133,24.586664,118.235903,2011-01-30 15:31:36
133,24.586828,118.235902,2011-01-30 15:31:37
133,24.586993,118.235904,2011-01-30 15:31:38
133,24.587158,118.235902,2011-01-30 15:31:39
133,24.587326,118.235901,2011-01-30 15:31:40
133,24.587492,118.235898,2011-01-30 15:31:41
133,24.587661,118.235896,2011-01-30 15:31:42
133,24.587827,118.235891,2011-01-30 15:31:43
133,24.587998,118.235887,2011-01-30 15:31:44
133,24.588173,118.235885,2011-01-30 15:31:45
133,24.588353,118.235879,2011-01-30 15:31:46
133,24.588534,118.235868,2011-01-30 15:31:47
133,24.588722,118.235862,2011-01-30 15:31:48
133,24.588914,118.235858,2011-01-30 15:31:49
133,24.589108,118.235851,2011-01-30 15:31:50
133,24.589298,118.235842,2011-01-30 15:31:51
133,24.589491,118.235834,2011-01-30 15:31:52
133,24.589677,118.235823,2011-01-30 15:31:53
133,24.589863,118.235814,2011-01-30 15:31:54
133,24.590046,118.235802,2011-01-30 15:31:55
133,24.590227,118.235789,2011-01-30 15:31:56
133,24.590409,118.235779,2011-01-30 15:31:57
133,24.590586,118.235768,2011-01-30 15:31:58
133,24.590761,118.235752,2011-01-30 15:31:59
133,24.590937,118.235739,2011-01-30 15:32:00
133,24.591112,118.23573,2011-01-30 15:32:01
133,24.591283,118.235721,2011-01-30 15:32:02
133,24.591452,118.235713,2011-01-30 15:32:03
133,24.59162,118.235704,2011-01-30 15:32:04
133,24.59179,118.235699,2011-01-30 15:32:05
133,24.591953,118.235684,2011-01-30 15:32:06
133,24.592118,118.235674,2011-01-30 15:32:07
133,24.592281,118.235663,2011-01-30 15:32:08
133,24.592447,118.235654,2011-01-30 15:32:09
133,24.592611,118.235641,2011-01-30 15:32:10
133,24.592778,118.23563,2011-01-30 15:32:11
133,24.592949,118.235622,2011-01-30 15:32:12
133,24.593121,118.235607,2011-01-30 15:32:13
133,24.593297,118.235589,2011-01-30 15:32:14
133,24.593474,118.235578,2011-01-30 15:32:15
133,24.593655,118.235561,2011-01-30 15:32:16
133,24.593835,118.23555,2011-01-30 15:32:17
133,24.594018,118.235537,2011-01-30 15:32:18
133,24.594204,118.23553,2011-01-30 15:32:19
133,24.594392,118.235518,2011-01-30 15:32:20
133,24.594585,118.235507,2011-01-30 15:32:21
133,24.59478,118.235494,2011-01-30 15:32:22
133,24.594981,118.235479,2011-01-30 15:32:23
133,24.59518,118.235456,2011-01-30 15:32:24
133,24.595383,118.235439,2011-01-30 15:32:25
133,24.595592,118.235426,2011-01-30 15:32:26
133,24.595799,118.235413,2011-01-30 15:32:27
133,24.596011,118.235398,2011-01-30 15:32:28
133,24.596219,118.235382,2011-01-30 15:32:29
133,24.59643,118.235366,2011-01-30 15:32:30
133,24.596647,118.23535,2011-01-30 15:32:31
133,24.596863,118.235339,2011-01-30 15:32:32
133,24.597077,118.235325,2011-01-30 15:32:33
133,24.597294,118.235311,2011-01-30 15:32:34
133,24.597508,118.235299,2011-01-30 15:32:35
133,24.597723,118.235285,2011-01-30 15:32:36
133,24.597938,118.235273,2011-01-30 15:32:37
133,24.598149,118.235265,2011-01-30 15:32:38
133,24.59836,118.235255,2011-01-30 15:32:39
133,24.598573,118.235245,2011-01-30 15:32:40
133,24.598784,118.235232,2011-01-30 15:32:41
133,24.598991,118.235215,2011-01-30 15:32:42
133,24.599197,118.235199,2011-01-30 15:32:43
133,24.599398,118.235186,2011-01-30 15:32:44
133,24.599592,118.235172,2011-01-30 15:32:45
133,24.599785,118.23516,2011-01-30 15:32:46
133,24.599969,118.235146,2011-01-30 15:32:47
133,24.600155,118.235131,2011-01-30 15:32:48
133,24.600342,118.235123,2011-01-30 15:32:49
133,24.600525,118.235107,2011-01-30 15:32:50
133,24.60071,118.235092,2011-01-30 15:32:51
133,24.600894,118.235084,2011-01-30 15:32:52
133,24.60108,118.235075,2011-01-30 15:32:53
133,24.601265,118.235061,2011-01-30 15:32:54
133,24.601446,118.235052,2011-01-30 15:32:55
133,24.601633,118.235041,2011-01-30 15:32:56
133,24.601815,118.235037,2011-01-30 15:32:57
133,24.601999,118.235027,2011-01-30 15:32:58
133,24.602181,118.235018,2011-01-30 15:32:59
133,24.60236,118.235002,2011-01-30 15:33:00
133,24.602541,118.234988,2011-01-30 15:33:01
133,24.602721,118.234973,2011-01-30 15:33:02
133,24.602902,118.234963,2011-01-30 15:33:03
133,24.60309,118.234957,2011-01-30 15:33:04
133,24.603273,118.234949,2011-01-30 15:33:05
133,24.603458,118.234938,2011-01-30 15:33:06
133,24.603642,118.234925,2011-01-30 15:33:07
133,24.603828,118.234913,2011-01-30 15:33:08
133,24.604012,118.234897,2011-01-30 15:33:09
133,24.604196,118.234882,2011-01-30 15:33:10
133,24.604379,118.234868,2011-01-30 15:33:11
133,24.604565,118.234853,2011-01-30 15:33:12
133,24.60475,118.234838,2011-01-30 15:33:13
133,24.604937,118.234828,2011-01-30 15:33:14
133,24.605122,118.234817,2011-01-30 15:33:15
133,24.605309,118.234801,2011-01-30 15:33:16
133,24.605495,118.234795,2011-01-30 15:33:17
133,24.605678,118.234783,2011-01-30 15:33:18
133,24.605859,118.234775,2011-01-30 15:33:19
133,24.60603,118.23476,2011-01-30 15:33:20
133,24.606204,118.234747,2011-01-30 15:33:21
133,24.606368,118.234737,2011-01-30 15:33:22
133,24.606518,118.234728,2011-01-30 15:33:23
133,24.606658,118.234721,2011-01-30 15:33:24
133,24.606784,118.234717,2011-01-30 15:33:25
133,24.606897,118.234713,2011-01-30 15:33:26
133,24.606998,118.23471,2011-01-30 15:33:27
133,24.607093,118.234706,2011-01-30 15:33:28
133,24.607251,118.234705,2011-01-30 15:33:30
133,24.607373,118.234708,2011-01-30 15:33:32
133,24.607474,118.234707,2011-01-30 15:33:34
133,24.607568,118.234706,2011-01-30 15:33:36
133,24.607666,118.234706,2011-01-30 15:33:38
133,24.60776,118.234711,2011-01-30 15:33:42
133,24.607879,118.234706,2011-01-30 15:33:46
133,24.608008,118.234702,2011-01-30 15:33:48
133,24.608158,118.234701,2011-01-30 15:33:50
133,24.608322,118.234696,2011-01-30 15:33:52
133,24.608501,118.234686,2011-01-30 15:33:54
133,24.608599,118.234686,2011-01-30 15:33:55
133,24.6087,118.234679,2011-01-30 15:33:56
133,24.608806,118.234676,2011-01-30 15:33:57
133,24.608913,118.234674,2011-01-30 15:33:58
133,24.60902,118.234676,2011-01-30 15:33:59
133,24.609128,118.234673,2011-01-30 15:34:00
133,24.609237,118.234674,2011-01-30 15:34:01
133,24.60935,118.234673,2011-01-30 15:34:02
133,24.609466,118.234674,2011-01-30 15:34:03
133,24.609585,118.234678,2011-01-30 15:34:04
133,24.609705,118.234681,2011-01-30 15:34:05
133,24.609833,118.23469,2011-01-30 15:34:06
133,24.609955,118.2347,2011-01-30 15:34:07
133,24.610076,118.234703,2011-01-30 15:34:08
133,24.610198,118.234708,2011-01-30 15:34:09
133,24.610323,118.234713,2011-01-30 15:34:10
133,24.610444,118.234714,2011-01-30 15:34:11
133,24.610565,118.234714,2011-01-30 15:34:12
133,24.610689,118.234715,2011-01-30 15:34:13
133,24.610813,118.234718,2011-01-30 15:34:14
133,24.610937,118.234717,2011-01-30 15:34:15
133,24.611061,118.234717,2011-01-30 15:34:16
133,24.611182,118.234725,2011-01-30 15:34:17
133,24.611305,118.234726,2011-01-30 15:34:18
133,24.611429,118.23473,2011-01-30 15:34:19
133,24.611558,118.234735,2011-01-30 15:34:20
133,24.611687,118.234739,2011-01-30 15:34:21
133,24.611818,118.234744,2011-01-30 15:34:22
133,24.611952,118.234752,2011-01-30 15:34:23
133,24.612083,118.234762,2011-01-30 15:34:24
133,24.612216,118.234771,2011-01-30 15:34:25
133,24.612352,118.234769,2011-01-30 15:34:26
133,24.612489,118.234771,2011-01-30 15:34:27
133,24.612627,118.234768,2011-01-30 15:34:28
133,24.612768,118.234773,2011-01-30 15:34:29
133,24.612908,118.234774,2011-01-30 15:34:30
133,24.613047,118.234773,2011-01-30 15:34:31
133,24.61319,118.234776,2011-01-30 15:34:32
133,24.613333,118.234779,2011-01-30 15:34:33
133,24.613479,118.234784,2011-01-30 15:34:34
133,24.613625,118.23479,2011-01-30 15:34:35
133,24.613771,118.234796,2011-01-30 15:34:36
133,24.613919,118.234804,2011-01-30 15:34:37
133,24.614066,118.234803,2011-01-30 15:34:38
133,24.614218,118.234802,2011-01-30 15:34:39
133,24.614366,118.234805,2011-01-30 15:34:40
133,24.614516,118.234803,2011-01-30 15:34:41
133,24.614667,118.234806,2011-01-30 15:34:42
133,24.614817,118.234804,2011-01-30 15:34:43
133,24.614968,118.234807,2011-01-30 15:34:44
133,24.615121,118.23481,2011-01-30 15:34:45
133,24.615272,118.234815,2011-01-30 15:34:46
133,24.615419,118.234822,2011-01-30 15:34:47
133,24.615552,118.234827,2011-01-30 15:34:48
133,24.615668,118.234832,2011-01-30 15:34:49
133,24.615761,118.234839,2011-01-30 15:34:50
133,24.615915,118.234846,2011-01-30 15:34:52
133,24.616023,118.234859,2011-01-30 15:34:54
133,24.616135,118.234856,2011-01-30 15:34:57
133,24.616274,118.234862,2011-01-30 15:35:00
133,24.61642,118.234871,2011-01-30 15:35:02
133,24.616599,118.234884,2011-01-30 15:35:04
133,24.616703,118.234889,2011-01-30 15:35:05
133,24.616813,118.234891,2011-01-30 15:35:06
133,24.61693,118.234892,2011-01-30 15:35:07
133,24.617054,118.234896,2011-01-30 15:35:08
133,24.617181,118.234897,2011-01-30 15:35:09
133,24.617317,118.234897,2011-01-30 15:35:10
133,24.617456,118.234899,2011-01-30 15:35:11
133,24.617598,118.234904,2011-01-30 15:35:12
133,24.61774,118.234905,2011-01-30 15:35:13
133,24.617884,118.234903,2011-01-30 15:35:14
133,24.618028,118.234905,2011-01-30 15:35:15
133,24.618177,118.234909,2011-01-30 15:35:16
133,24.61833,118.234912,2011-01-30 15:35:17
133,24.618486,118.234914,2011-01-30 15:35:18
133,24.618641,118.234906,2011-01-30 15:35:19
133,24.618797,118.234906,2011-01-30 15:35:20
133,24.618955,118.234904,2011-01-30 15:35:21
133,24.619118,118.234903,2011-01-30 15:35:22
133,24.619284,118.234903,2011-01-30 15:35:23
133,24.619448,118.234905,2011-01-30 15:35:24
133,24.619613,118.234908,2011-01-30 15:35:25
133,24.619773,118.234913,2011-01-30 15:35:26
133,24.619933,118.234916,2011-01-30 15:35:27
133,24.62009,118.23492,2011-01-30 15:35:28
133,24.620241,118.234922,2011-01-30 15:35:29
133,24.620384,118.234931,2011-01-30 15:35:30
133,24.620525,118.234934,2011-01-30 15:35:31
133,24.620657,118.234935,2011-01-30 15:35:32
133,24.620792,118.234936,2011-01-30 15:35:33
133,24.620934,118.234943,2011-01-30 15:35:34
133,24.621075,118.234944,2011-01-30 15:35:35
133,24.62122,118.234947,2011-01-30 15:35:36
133,24.62136,118.234949,2011-01-30 15:35:37
133,24.621496,118.23495,2011-01-30 15:35:38
133,24.621629,118.234955,2011-01-30 15:35:39
133,24.62176,118.234961,2011-01-30 15:35:40
133,24.621888,118.234963,2011-01-30 15:35:41
133,24.622013,118.23497,2011-01-30 15:35:42
133,24.622138,118.234978,2011-01-30 15:35:43
133,24.622257,118.234991,2011-01-30 15:35:44
133,24.622373,118.235,2011-01-30 15:35:45
133,24.62248,118.235002,2011-01-30 15:35:46
133,24.622587,118.235006,2011-01-30 15:35:47
133,24.622692,118.23501,2011-01-30 15:35:48
133,24.622793,118.235009,2011-01-30 15:35:49
133,24.622892,118.235006,2011-01-30 15:35:50
133,24.62299,118.235003,2011-01-30 15:35:51
133,24.62309,118.235001,2011-01-30 15:35:52
133,24.623189,118.234997,2011-01-30 15:35:53
133,24.623286,118.234994,2011-01-30 15:35:54
133,24.623382,118.234992,2011-01-30 15:35:55
133,24.623476,118.234988,2011-01-30 15:35:56
133,24.623571,118.234984,2011-01-30 15:35:57
133,24.62367,118.234986,2011-01-30 15:35:58
133,24.623767,118.23498,2011-01-30 15:35:59
133,24.623864,118.234974,2011-01-30 15:36:00
133,24.623967,118.234968,2011-01-30 15:36:01
133,24.624071,118.234961,2011-01-30 15:36:02
133,24.624175,118.234951,2011-01-30 15:36:03
133,24.624286,118.23494,2011-01-30 15:36:04
133,24.624405,118.234933,2011-01-30 15:36:05
133,24.624526,118.234924,2011-01-30 15:36:06
133,24.624652,118.234914,2011-01-30 15:36:07
133,24.624781,118.234897,2011-01-30 15:36:08
133,24.624909,118.234882,2011-01-30 15:36:09
133,24.625042,118.234866,2011-01-30 15:36:10
133,24.625168,118.234853,2011-01-30 15:36:11
133,24.625289,118.234841,2011-01-30 15:36:12
133,24.625403,118.234826,2011-01-30 15:36:13
133,24.625518,118.234812,2011-01-30 15:36:14
133,24.62563,118.234801,2011-01-30 15:36:15
133,24.625737,118.234795,2011-01-30 15:36:16
133,24.625838,118.234786,2011-01-30 15:36:17
133,24.625933,118.234776,2011-01-30 15:36:18
133,24.626026,118.234771,2011-01-30 15:36:19
133,24.626197,118.234753,2011-01-30 15:36:21
133,24.626374,118.234733,2011-01-30 15:36:23
133,24.626468,118.234724,2011-01-30 15:36:24
133,24.626565,118.234711,2011-01-30 15:36:25
133,24.626671,118.234697,2011-01-30 15:36:26
133,24.62678,118.234679,2011-01-30 15:36:27
133,24.626885,118.234655,2011-01-30 15:36:28
133,24.626995,118.23463,2011-01-30 15:36:29
133,24.627107,118.234605,2011-01-30 15:36:30
133,24.627227,118.234583,2011-01-30 15:36:31
133,24.627355,118.234563,2011-01-30 15:36:32
133,24.627484,118.234541,2011-01-30 15:36:33
133,24.627608,118.234517,2011-01-30 15:36:34
133,24.62772,118.234496,2011-01-30 15:36:35
133,24.627814,118.234474,2011-01-30 15:36:36
133,24.627985,118.234442,2011-01-30 15:36:38
133,24.628143,118.234403,2011-01-30 15:36:40
133,24.628297,118.234367,2011-01-30 15:36:42
133,24.628445,118.234341,2011-01-30 15:36:44
133,24.628588,118.234307,2011-01-30 15:36:46
133,24.628749,118.234288,2011-01-30 15:36:48
133,24.628917,118.234254,2011-01-30 15:36:50
133,24.629013,118.234246,2011-01-30 15:36:51
133,24.629104,118.234244,2011-01-30 15:36:52
133,24.629203,118.234248,2011-01-30 15:36:53
133,24.629302,118.234257,2011-01-30 15:36:54
133,24.629403,118.234273,2011-01-30 15:36:55
133,24.629502,118.234297,2011-01-30 15:36:56
133,24.629601,118.234323,2011-01-30 15:36:57
133,24.629698,118.234354,2011-01-30 15:36:58
133,24.629796,118.234391,2011-01-30 15:36:59
133,24.629896,118.234434,2011-01-30 15:37:00
133,24.629999,118.234482,2011-01-30 15:37:01
133,24.630101,118.234538,2011-01-30 15:37:02
133,24.630206,118.234602,2011-01-30 15:37:03
133,24.63031,118.234668,2011-01-30 15:37:04
133,24.630416,118.234734,2011-01-30 15:37:05
133,24.630523,118.234799,2011-01-30 15:37:06
133,24.630635,118.234868,2011-01-30 15:37:07
133,24.630745,118.234936,2011-01-30 15:37:08
133,24.630853,118.235003,2011-01-30 15:37:09
133,24.630959,118.235066,2011-01-30 15:37:10
133,24.63106,118.235126,2011-01-30 15:37:11
133,24.631158,118.235173,2011-01-30 15:37:12
133,24.631257,118.23521,2011-01-30 15:37:13
133,24.631357,118.235238,2011-01-30 15:37:14
133,24.63146,118.235248,2011-01-30 15:37:15
133,24.631566,118.235249,2011-01-30 15:37:16
133,24.631666,118.235236,2011-01-30 15:37:17
133,24.631765,118.235217,2011-01-30 15:37:18
133,24.631856,118.235178,2011-01-30 15:37:19
133,24.631938,118.235136,2011-01-30 15:37:20
133,24.63202,118.235077,2011-01-30 15:37:21
133,24.6321,118.235017,2011-01-30 15:37:22
133,24.632171,118.234938,2011-01-30 15:37:23
133,24.632237,118.234852,2011-01-30 15:37:24
133,24.632299,118.234753,2011-01-30 15:37:25
133,24.632347,118.234652,2011-01-30 15:37:26
133,24.632383,118.234539,2011-01-30 15:37:27
133,24.632408,118.234421,2011-01-30 15:37:28
133,24.632427,118.234307,2011-01-30 15:37:29
133,24.632434,118.234199,2011-01-30 15:37:30
133,24.632434,118.234086,2011-01-30 15:37:31
133,24.632429,118.233972,2011-01-30 15:37:32
133,24.632423,118.233858,2011-01-30 15:37:33
133,24.63241,118.233743,2011-01-30 15:37:34
133,24.632391,118.233633,2011-01-30 15:37:35
133,24.63237,118.233524,2011-01-30 15:37:36
133,24.632341,118.233409,2011-01-30 15:37:37
133,24.632301,118.23329,2011-01-30 15:37:38
133,24.632262,118.233166,2011-01-30 15:37:39
133,24.632218,118.233035,2011-01-30 15:37:40
133,24.632176,118.232899,2011-01-30 15:37:41
133,24.632135,118.232763,2011-01-30 15:37:42
133,24.632095,118.232623,2011-01-30 15:37:43
133,24.632055,118.232478,2011-01-30 15:37:44
133,24.632019,118.23233,2011-01-30 15:37:45
133,24.631989,118.232179,2011-01-30 15:37:46
133,24.631958,118.23203,2011-01-30 15:37:47
133,24.631932,118.231882,2011-01-30 15:37:48
133,24.63191,118.231739,2011-01-30 15:37:49
133,24.631889,118.231603,2011-01-30 15:37:50
133,24.63187,118.23147,2011-01-30 15:37:51
133,24.631857,118.231334,2011-01-30 15:37:52
133,24.631846,118.231192,2011-01-30 15:37:53
133,24.631844,118.231053,2011-01-30 15:37:54
133,24.631839,118.2309,2011-01-30 15:37:55
133,24.631838,118.230741,2011-01-30 15:37:56
133,24.631849,118.230582,2011-01-30 15:37:57
133,24.631859,118.230419,2011-01-30 15:37:58
133,24.63187,118.230251,2011-01-30 15:37:59
133,24.631881,118.230077,2011-01-30 15:38:00
133,24.631891,118.2299,2011-01-30 15:38:01
133,24.631898,118.229719,2011-01-30 15:38:02
133,24.631906,118.229538,2011-01-30 15:38:03
133,24.631912,118.229348,2011-01-30 15:38:04
133,24.631926,118.229163,2011-01-30 15:38:05
133,24.631938,118.228975,2011-01-30 15:38:06
133,24.631956,118.228786,2011-01-30 15:38:07
133,24.631978,118.228599,2011-01-30 15:38:08
133,24.632001,118.228414,2011-01-30 15:38:09
133,24.632025,118.228236,2011-01-30 15:38:10
133,24.632046,118.228059,2011-01-30 15:38:11
133,24.632067,118.227885,2011-01-30 15:38:12
133,24.632086,118.227713,2011-01-30 15:38:13
133,24.6321,118.227545,2011-01-30 15:38:14
133,24.632118,118.227385,2011-01-30 15:38:15
133,24.632139,118.227226,2011-01-30 15:38:16
133,24.632159,118.227073,2011-01-30 15:38:17
133,24.632181,118.226921,2011-01-30 15:38:18
133,24.632201,118.226771,2011-01-30 15:38:19
133,24.632222,118.226624,2011-01-30 15:38:20
133,24.632248,118.226481,2011-01-30 15:38:21
133,24.632269,118.226334,2011-01-30 15:38:22
133,24.632294,118.22619,2011-01-30 15:38:23
133,24.632319,118.22605,2011-01-30 15:38:24
133,24.632337,118.22591,2011-01-30 15:38:25
133,24.632358,118.225773,2011-01-30 15:38:26
133,24.632375,118.225632,2011-01-30 15:38:27
133,24.632389,118.225489,2011-01-30 15:38:28
133,24.632398,118.225346,2011-01-30 15:38:29
133,24.632412,118.225196,2011-01-30 15:38:30
133,24.632424,118.22504,2011-01-30 15:38:31
133,24.632435,118.224875,2011-01-30 15:38:32
133,24.63245,118.224708,2011-01-30 15:38:33
133,24.632464,118.224536,2011-01-30 15:38:34
133,24.63248,118.22436,2011-01-30 15:38:35
133,24.632498,118.224182,2011-01-30 15:38:36
133,24.632521,118.223998,2011-01-30 15:38:37
133,24.632542,118.223809,2011-01-30 15:38:38
133,24.632569,118.223618,2011-01-30 15:38:39
133,24.632599,118.223424,2011-01-30 15:38:40
133,24.632627,118.223222,2011-01-30 15:38:41
133,24.632654,118.223019,2011-01-30 15:38:42
133,24.632681,118.222816,2011-01-30 15:38:43
133,24.632709,118.222613,2011-01-30 15:38:44
133,24.632734,118.222409,2011-01-30 15:38:45
133,24.632761,118.222215,2011-01-30 15:38:46
133,24.632783,118.222028,2011-01-30 15:38:47
133,24.632799,118.221855,2011-01-30 15:38:48
133,24.63281,118.2217,2011-01-30 15:38:49
133,24.63283,118.221561,2011-01-30 15:38:50
133,24.632848,118.221429,2011-01-30 15:38:51
133,24.632866,118.221306,2011-01-30 15:38:52
133,24.632882,118.221174,2011-01-30 15:38:53
133,24.632901,118.221038,2011-01-30 15:38:54
133,24.632922,118.220898,2011-01-30 15:38:55
133,24.632937,118.220743,2011-01-30 15:38:56
133,24.632957,118.220582,2011-01-30 15:38:57
133,24.632976,118.220413,2011-01-30 15:38:58
133,24.632995,118.220231,2011-01-30 15:38:59
133,24.633019,118.220045,2011-01-30 15:39:00
133,24.633047,118.21985,2011-01-30 15:39:01
133,24.633073,118.219649,2011-01-30 15:39:02
133,24.633101,118.219442,2011-01-30 15:39:03
133,24.633126,118.219233,2011-01-30 15:39:04
133,24.633152,118.219024,2011-01-30 15:39:05
133,24.633183,118.218823,2011-01-30 15:39:06
133,24.633211,118.218621,2011-01-30 15:39:07
133,24.633237,118.218421,2011-01-30 15:39:08
133,24.633259,118.218221,2011-01-30 15:39:09
133,24.633278,118.218025,2011-01-30 15:39:10
133,24.633299,118.217833,2011-01-30 15:39:11
133,24.633319,118.217639,2011-01-30 15:39:12
133,24.63334,118.217453,2011-01-30 15:39:13
133,24.633365,118.217267,2011-01-30 15:39:14
133,24.633388,118.217086,2011-01-30 15:39:15
133,24.633408,118.216909,2011-01-30 15:39:16
133,24.633428,118.216736,2011-01-30 15:39:17
133,24.633449,118.216564,2011-01-30 15:39:18
133,24.633473,118.21639,2011-01-30 15:39:19
133,24.633492,118.216217,2011-01-30 15:39:20
133,24.633519,118.216051,2011-01-30 15:39:21
133,24.633545,118.215884,2011-01-30 15:39:22
133,24.633566,118.215714,2011-01-30 15:39:23
133,24.633589,118.215542,2011-01-30 15:39:24
133,24.633612,118.215371,2011-01-30 15:39:25
133,24.633633,118.215192,2011-01-30 15:39:26
133,24.633655,118.215009,2011-01-30 15:39:27
133,24.633673,118.214831,2011-01-30 15:39:28
133,24.633688,118.214645,2011-01-30 15:39:29
133,24.633699,118.214453,2011-01-30 15:39:30
133,24.633711,118.214251,2011-01-30 15:39:31
133,24.633727,118.21405,2011-01-30 15:39:32
133,24.633744,118.213844,2011-01-30 15:39:33
133,24.633755,118.213632,2011-01-30 15:39:34
133,24.633768,118.213417,2011-01-30 15:39:35
133,24.633783,118.2132,2011-01-30 15:39:36
133,24.633795,118.212982,2011-01-30 15:39:37
133,24.633808,118.212759,2011-01-30 15:39:38
133,24.633816,118.212533,2011-01-30 15:39:39
133,24.633821,118.212316,2011-01-30 15:39:40
133,24.633825,118.212101,2011-01-30 15:39:41
133,24.633826,118.211894,2011-01-30 15:39:42
133,24.633825,118.211687,2011-01-30 15:39:43
133,24.633821,118.211483,2011-01-30 15:39:44
133,24.633814,118.211281,2011-01-30 15:39:45
133,24.633808,118.211083,2011-01-30 15:39:46
133,24.633803,118.210898,2011-01-30 15:39:47
133,24.6338,118.210728,2011-01-30 15:39:48
133,24.633799,118.210567,2011-01-30 15:39:49
133,24.633796,118.2104,2011-01-30 15:39:50
133,24.633791,118.21023,2011-01-30 15:39:51
133,24.633787,118.210062,2011-01-30 15:39:52
133,24.633783,118.209886,2011-01-30 15:39:53
133,24.633777,118.209707,2011-01-30 15:39:54
133,24.633772,118.209522,2011-01-30 15:39:55
133,24.633768,118.209337,2011-01-30 15:39:56
133,24.633768,118.209153,2011-01-30 15:39:57
133,24.633767,118.208968,2011-01-30 15:39:58
133,24.633765,118.208777,2011-01-30 15:39:59
133,24.633766,118.208589,2011-01-30 15:40:00
133,24.633763,118.208402,2011-01-30 15:40:01
133,24.633761,118.208215,2011-01-30 15:40:02
133,24.633757,118.208028,2011-01-30 15:40:03
133,24.633756,118.207847,2011-01-30 15:40:04
133,24.633753,118.207671,2011-01-30 15:40:05
133,24.633749,118.207495,2011-01-30 15:40:06
133,24.633742,118.207317,2011-01-30 15:40:07
133,24.633739,118.207135,2011-01-30 15:40:08
133,24.633734,118.206949,2011-01-30 15:40:09
133,24.633729,118.20676,2011-01-30 15:40:10
133,24.633724,118.206572,2011-01-30 15:40:11
133,24.633722,118.206375,2011-01-30 15:40:12
133,24.633718,118.20618,2011-01-30 15:40:13
133,24.633717,118.205984,2011-01-30 15:40:14
133,24.633718,118.205797,2011-01-30 15:40:15
133,24.633714,118.20562,2011-01-30 15:40:16
133,24.633713,118.20545,2011-01-30 15:40:17
133,24.633713,118.205283,2011-01-30 15:40:18
133,24.633712,118.205117,2011-01-30 15:40:19
133,24.633708,118.20495,2011-01-30 15:40:20
133,24.633706,118.204789,2011-01-30 15:40:21
133,24.633705,118.204631,2011-01-30 15:40:22
133,24.633706,118.204475,2011-01-30 15:40:23
133,24.63371,118.204325,2011-01-30 15:40:24
133,24.633714,118.20418,2011-01-30 15:40:25
133,24.633711,118.204032,2011-01-30 15:40:26
133,24.633707,118.203882,2011-01-30 15:40:27
133,24.633703,118.203719,2011-01-30 15:40:28
133,24.633696,118.203554,2011-01-30 15:40:29
133,24.63369,118.203382,2011-01-30 15:40:30
133,24.633682,118.203203,2011-01-30 15:40:31
133,24.63368,118.203018,2011-01-30 15:40:32
133,24.633679,118.202827,2011-01-30 15:40:33
133,24.633678,118.20264,2011-01-30 15:40:34
133,24.633674,118.202446,2011-01-30 15:40:35
133,24.633672,118.20225,2011-01-30 15:40:36
133,24.633672,118.202056,2011-01-30 15:40:37
133,24.63367,118.201863,2011-01-30 15:40:38
133,24.63367,118.201676,2011-01-30 15:40:39
133,24.633669,118.201493,2011-01-30 15:40:40
133,24.633667,118.201315,2011-01-30 15:40:41
133,24.633663,118.201146,2011-01-30 15:40:42
133,24.633659,118.200984,2011-01-30 15:40:43
133,24.633656,118.200833,2011-01-30 15:40:44
133,24.633652,118.200685,2011-01-30 15:40:45
133,24.633653,118.200548,2011-01-30 15:40:46
133,24.633658,118.200418,2011-01-30 15:40:47
133,24.633657,118.200292,2011-01-30 15:40:48
133,24.633656,118.200178,2011-01-30 15:40:49
133,24.633653,118.200076,2011-01-30 15:40:50
133,24.633649,118.199901,2011-01-30 15:40:52
133,24.633653,118.199772,2011-01-30 15:40:54
133,24.633687,118.199675,2011-01-30 15:40:58
133,24.633769,118.199718,2011-01-30 15:41:03
133,24.633855,118.199841,2011-01-30 15:41:06
133,24.633943,118.199951,2011-01-30 15:41:08
133,24.634057,118.200076,2011-01-30 15:41:10
133,24.634122,118.200148,2011-01-30 15:41:11
133,24.634189,118.200224,2011-01-30 15:41:12
133,24.634262,118.200305,2011-01-30 15:41:13
133,24.634338,118.20039,2011-01-30 15:41:14
133,24.634416,118.200481,2011-01-30 15:41:15
133,24.634507,118.200578,2011-01-30 15:41:16
133,24.634591,118.200674,2011-01-30 15:41:17
133,24.63468,118.200773,2011-01-30 15:41:18
133,24.634771,118.200875,2011-01-30 15:41:19
133,24.634863,118.200978,2011-01-30 15:41:20
133,24.634956,118.201081,2011-01-30 15:41:21
133,24.635052,118.201187,2011-01-30 15:41:22
133,24.635147,118.201291,2011-01-30 15:41:23
133,24.635243,118.201393,2011-01-30 15:41:24
133,24.635341,118.201494,2011-01-30 15:41:25
133,24.635438,118.201595,2011-01-30 15:41:26
133,24.635537,118.201693,2011-01-30 15:41:27
133,24.635636,118.201793,2011-01-30 15:41:28
133,24.635734,118.201895,2011-01-30 15:41:29
133,24.635832,118.201995,2011-01-30 15:41:30
133,24.635932,118.202094,2011-01-30 15:41:31
133,24.636027,118.202195,2011-01-30 15:41:32
133,24.636115,118.202293,2011-01-30 15:41:33
133,24.636198,118.202387,2011-01-30 15:41:34
133,24.63626,118.202461,2011-01-30 15:41:35
133,24.63638,118.202591,2011-01-30 15:41:37
133,24.636475,118.202698,2011-01-30 15:41:39
133,24.636559,118.20279,2011-01-30 15:41:41
133,24.636656,118.202887,2011-01-30 15:41:43
133,24.636776,118.203009,2011-01-30 15:41:45
133,24.636844,118.203079,2011-01-30 15:41:46
133,24.636914,118.203158,2011-01-30 15:41:47
133,24.636989,118.203242,2011-01-30 15:41:48
133,24.637058,118.203325,2011-01-30 15:41:49
133,24.637126,118.203405,2011-01-30 15:41:50
133,24.637196,118.203489,2011-01-30 15:41:51
133,24.637264,118.203578,2011-01-30 15:41:52
133,24.637337,118.203669,2011-01-30 15:41:53
133,24.637417,118.203764,2011-01-30 15:41:54
133,24.637495,118.20386,2011-01-30 15:41:55
133,24.63757,118.203956,2011-01-30 15:41:56
133,24.637645,118.204055,2011-01-30 15:41:57
133,24.637714,118.204153,2011-01-30 15:41:58
133,24.637786,118.204252,2011-01-30 15:41:59
133,24.637852,118.204345,2011-01-30 15:42:00
133,24.637916,118.204441,2011-01-30 15:42:01
133,24.637978,118.20453,2011-01-30 15:42:02
133,24.638042,118.204618,2011-01-30 15:42:03
133,24.638106,118.204707,2011-01-30 15:42:04
133,24.638168,118.204794,2011-01-30 15:42:05
133,24.638225,118.204878,2011-01-30 15:42:06
133,24.638286,118.20496,2011-01-30 15:42:07
133,24.638346,118.205044,2011-01-30 15:42:08
133,24.638445,118.205192,2011-01-30 15:42:10
133,24.638523,118.205294,2011-01-30 15:42:12
133,24.638582,118.205387,2011-01-30 15:42:15
133,24.638613,118.205509,2011-01-30 15:42:18
133,24.638638,118.205639,2011-01-30 15:42:20
133,24.638661,118.205803,2011-01-30 15:42:22
133,24.63869,118.205999,2011-01-30 15:42:24
133,24.638707,118.206104,2011-01-30 15:42:25
133,24.638729,118.206217,2011-01-30 15:42:26
133,24.638746,118.206326,2011-01-30 15:42:27
133,24.638768,118.206439,2011-01-30 15:42:28
133,24.638789,118.206554,2011-01-30 15:42:29
133,24.63881,118.206662,2011-01-30 15:42:30
133,24.638843,118.206841,2011-01-30 15:42:32
133,24.63887,118.206988,2011-01-30 15:42:34
133,24.638899,118.207094,2011-01-30 15:42:36
133,24.638961,118.207148,2011-01-30 15:42:41
133,24.638984,118.207026,2011-01-30 15:42:45
133,24.638966,118.206913,2011-01-30 15:42:47
133,24.638944,118.206792,2011-01-30 15:42:49
133,24.638917,118.20667,2011-01-30 15:42:51
133,24.638891,118.206542,2011-01-30 15:42:53
133,24.638876,118.206428,2011-01-30 15:42:55
133,24.638922,118.206317,2011-01-30 15:42:58
133,24.639052,118.206283,2011-01-30 15:43:01
133,24.639159,118.206283,2011-01-30 15:43:03
133,24.639251,118.206305,2011-01-30 15:43:05
133,24.639342,118.206393,2011-01-30 15:43:08
133,24.639422,118.206514,2011-01-30 15:43:11
133,24.639502,118.206609,2011-01-30 15:43:13
133,24.639606,118.206737,2011-01-30 15:43:15
133,24.639734,118.206875,2011-01-30 15:43:17
133,24.639801,118.206949,2011-01-30 15:43:18
133,24.639869,118.207025,2011-01-30 15:43:19
133,24.63994,118.207102,2011-01-30 15:43:20
133,24.640016,118.207182,2011-01-30 15:43:21
133,24.640088,118.207262,2011-01-30 15:43:22
133,24.640161,118.20734,2011-01-30 15:43:23
133,24.640233,118.207418,2011-01-30 15:43:24
133,24.64031,118.207502,2011-01-30 15:43:25
133,24.640392,118.20759,2011-01-30 15:43:26
133,24.640479,118.207685,2011-01-30 15:43:27
133,24.640571,118.207784,2011-01-30 15:43:28
133,24.640664,118.207887,2011-01-30 15:43:29
133,24.640757,118.207996,2011-01-30 15:43:30
133,24.640856,118.208106,2011-01-30 15:43:31
133,24.640959,118.208219,2011-01-30 15:43:32
133,24.641063,118.208337,2011-01-30 15:43:33
133,24.641169,118.208452,2011-01-30 15:43:34
133,24.641276,118.208569,2011-01-30 15:43:35
133,24.64138,118.208683,2011-01-30 15:43:36
133,24.641485,118.208796,2011-01-30 15:43:37
133,24.641588,118.208906,2011-01-30 15:43:38
133,24.641695,118.209016,2011-01-30 15:43:39
133,24.641798,118.209123,2011-01-30 15:43:40
133,24.641895,118.20923,2011-01-30 15:43:41
133,24.641992,118.209336,2011-01-30 15:43:42
133,24.642091,118.209449,2011-01-30 15:43:43
133,24.642187,118.209558,2011-01-30 15:43:44
133,24.642278,118.209656,2011-01-30 15:43:45
133,24.642381,118.20976,2011-01-30 15:43:46
133,24.642481,118.209863,2011-01-30 15:43:47
133,24.642579,118.209969,2011-01-30 15:43:48
133,24.64267,118.210068,2011-01-30 15:43:49
133,24.642777,118.210177,2011-01-30 15:43:50
133,24.64286,118.210268,2011-01-30 15:43:51
133,24.642933,118.210357,2011-01-30 15:43:52
133,24.643026,118.210477,2011-01-30 15:43:54
133,24.643105,118.210566,2011-01-30 15:43:57
133,24.643178,118.210642,2011-01-30 15:43:59
133,24.643296,118.21076,2011-01-30 15:44:01
133,24.64337,118.210831,2011-01-30 15:44:02
133,24.643444,118.210902,2011-01-30 15:44:03
133,24.643522,118.210985,2011-01-30 15:44:04
133,24.643605,118.211067,2011-01-30 15:44:05
133,24.643693,118.211149,2011-01-30 15:44:06
133,24.643776,118.211223,2011-01-30 15:44:07
133,24.64386,118.211298,2011-01-30 15:44:08
133,24.643947,118.211377,2011-01-30 15:44:09
133,24.644022,118.211441,2011-01-30 15:44:10
133,24.644092,118.211507,2011-01-30 15:44:11
133,24.644227,118.211622,2011-01-30 15:44:13
133,24.644345,118.211726,2011-01-30 15:44:15
133,24.644446,118.211815,2011-01-30 15:44:17
133,24.644532,118.211894,2011-01-30 15:44:19
133,24.644601,118.211941,2011-01-30 15:44:24
133,24.644696,118.211884,2011-01-30 15:44:28
133,24.644787,118.2118,2011-01-30 15:44:30
133,24.644865,118.211684,2011-01-30 15:44:32
133,24.644956,118.211627,2011-01-30 15:44:34
133,24.645027,118.21156,2011-01-30 15:44:36
133,24.645113,118.211499,2011-01-30 15:44:39
133,24.645149,118.211403,2011-01-30 15:44:43
133,24.645108,118.211306,2011-01-30 15:44:47
133,24.645045,118.21117,2011-01-30 15:44:50
133,24.644992,118.211053,2011-01-30 15:44:52
133,24.644934,118.210943,2011-01-30 15:44:54
133,24.644889,118.210834,2011-01-30 15:44:56
133,24.644841,118.2107,2011-01-30 15:44:59
133,24.644808,118.210584,2011-01-30 15:45:03
133,24.644897,118.210518,2011-01-30 15:45:07
133,24.644985,118.210495,2011-01-30 15:45:09
133,24.645113,118.210465,2011-01-30 15:45:12
133,24.64522,118.210383,2011-01-30 15:45:15
133,24.645261,118.21028,2011-01-30 15:45:18
133,24.645277,118.210179,2011-01-30 15:45:21
133,24.645289,118.210064,2011-01-30 15:45:24
133,24.645318,118.209941,2011-01-30 15:45:27
133,24.645367,118.209849,2011-01-30 15:45:30
133,24.645473,118.209806,2011-01-30 15:45:34
133,24.645566,118.209786,2011-01-30 15:45:36
133,24.645674,118.209774,2011-01-30 15:45:38
133,24.64577,118.20976,2011-01-30 15:45:40
133,24.645864,118.209742,2011-01-30 15:45:42
133,24.645958,118.209736,2011-01-30 15:45:44
133,24.646075,118.209709,2011-01-30 15:45:47
133,24.646173,118.209723,2011-01-30 15:45:52
133,24.646213,118.209815,2011-01-30 15:45:56
133,24.646256,118.209884,2011-01-30 15:46:01
133,24.646366,118.209908,2011-01-30 15:46:05
133,24.646479,118.209895,2011-01-30 15:46:08
133,24.6466,118.20987,2011-01-30 15:46:11
133,24.646721,118.209839,2011-01-30 15:46:14
133,24.646843,118.209807,2011-01-30 15:46:17
133,24.646963,118.209788,2011-01-30 15:46:20
133,24.647059,118.209829,2011-01-30 15:46:25
133,24.647146,118.209879,2011-01-30 15:46:30
133,24.647249,118.209888,2011-01-30 15:46:35
133,24.647325,118.20984,2011-01-30 15:46:40
133,24.64741,118.209824,2011-01-30 15:46:45
133,24.647469,118.209863,2011-01-30 15:46:50
133,24.6475,118.209893,2011-01-30 15:46:55
133,24.6475,118.209894,2011-01-30 15:47:00
133,24.647501,118.209895,2011-01-30 15:47:05
133,24.647507,118.209894,2011-01-30 15:47:10
133,24.647513,118.209894,2011-01-30 15:47:15
133,24.647517,118.209894,2011-01-30 15:47:20
133,24.647519,118.209893,2011-01-30 15:47:25
133,24.647523,118.209891,2011-01-30 15:47:30
133,24.647521,118.209893,2011-01-30 15:47:35
133,24.647523,118.209892,2011-01-30 15:47:40
133,24.647522,118.209892,2011-01-30 15:47:45
133,24.647522,118.209892,2011-01-30 15:47:48
133,24.647526,118.209892,2011-01-30 15:47:50
133,24.647539,118.20989,2011-01-30 15:47:55
133,24.647553,118.209896,2011-01-30 15:48:00
133,24.647564,118.209895,2011-01-30 15:48:05
133,24.647575,118.209887,2011-01-30 15:48:10
133,24.647592,118.209859,2011-01-30 15:48:15
133,24.647572,118.209806,2011-01-30 15:48:20
133,24.647588,118.209736,2011-01-30 15:48:25
133,24.647623,118.209658,2011-01-30 15:48:30
133,24.647518,118.209537,2011-01-30 15:48:35
133,24.647593,118.209819,2011-01-30 17:01:30
133,24.647586,118.209828,2011-01-30 17:01:35
133,24.647586,118.209829,2011-01-30 17:01:40
133,24.647587,118.209829,2011-01-30 17:01:45
133,24.647585,118.209829,2011-01-30 17:01:50
133,24.647582,118.20983,2011-01-30 17:01:55
133,24.647585,118.209829,2011-01-30 17:02:00
133,24.647592,118.209829,2011-01-30 17:02:05
133,24.647598,118.209828,2011-01-30 17:02:10
133,24.647603,118.209825,2011-01-30 17:02:15
133,24.647602,118.209825,2011-01-30 17:02:20
133,24.647602,118.209825,2011-01-30 17:02:25
133,24.647605,118.209825,2011-01-30 17:02:30
133,24.647607,118.209824,2011-01-30 17:02:35
133,24.64761,118.209824,2011-01-30 17:02:40
133,24.647613,118.209824,2011-01-30 17:02:45
133,24.64762,118.209822,2011-01-30 17:02:50
133,24.647625,118.209824,2011-01-30 17:02:55
133,24.647625,118.209824,2011-01-30 17:02:58
133,24.647622,118.20983,2011-01-30 17:03:00
133,24.647616,118.209808,2011-01-30 17:03:05
133,24.647617,118.209799,2011-01-30 17:03:10
133,24.647617,118.209799,2011-01-30 17:03:13
133,24.647621,118.209798,2011-01-30 17:03:15
133,24.647579,118.20979,2011-01-30 17:03:20
133,24.647475,118.209807,2011-01-30 17:03:25
133,24.647386,118.209838,2011-01-30 17:03:29
133,24.647216,118.209834,2011-01-30 17:03:34
133,24.647121,118.209788,2011-01-30 17:03:37
133,24.646996,118.20976,2011-01-30 17:03:40
133,24.646874,118.209773,2011-01-30 17:03:42
133,24.646742,118.209808,2011-01-30 17:03:44
133,24.646625,118.209838,2011-01-30 17:03:46
133,24.646526,118.209859,2011-01-30 17:03:48
133,24.646411,118.209863,2011-01-30 17:03:51
133,24.646322,118.209816,2011-01-30 17:03:55
133,24.646287,118.209704,2011-01-30 17:04:00
133,24.646198,118.20963,2011-01-30 17:04:05
133,24.646101,118.209622,2011-01-30 17:04:08
133,24.645999,118.209624,2011-01-30 17:04:10
133,24.645878,118.209641,2011-01-30 17:04:12
133,24.645762,118.209662,2011-01-30 17:04:14
133,24.645652,118.209685,2011-01-30 17:04:16
133,24.645505,118.209737,2011-01-30 17:04:19
133,24.64541,118.209813,2011-01-30 17:04:22
133,24.645379,118.209958,2011-01-30 17:04:25
133,24.645355,118.210078,2011-01-30 17:04:27
133,24.645344,118.210193,2011-01-30 17:04:29
133,24.645297,118.210328,2011-01-30 17:04:32
133,24.645204,118.210397,2011-01-30 17:04:35
133,24.645116,118.210426,2011-01-30 17:04:37
133,24.645002,118.210456,2011-01-30 17:04:40
133,24.644904,118.210491,2011-01-30 17:04:44
133,24.644882,118.210559,2011-01-30 17:04:49
133,24.64488,118.210614,2011-01-30 17:04:54
133,24.644906,118.210689,2011-01-30 17:04:59
133,24.644952,118.210834,2011-01-30 17:05:02
133,24.645002,118.210964,2011-01-30 17:05:04
133,24.64505,118.211092,2011-01-30 17:05:06
133,24.645089,118.211191,2011-01-30 17:05:08
133,24.645136,118.211283,2011-01-30 17:05:11
133,24.645159,118.211411,2011-01-30 17:05:14
133,24.64509,118.211489,2011-01-30 17:05:19
133,24.644996,118.211543,2011-01-30 17:05:22
133,24.644894,118.211618,2011-01-30 17:05:25
133,24.644821,118.211681,2011-01-30 17:05:28
133,24.644771,118.211751,2011-01-30 17:05:33
133,24.644723,118.211805,2011-01-30 17:05:38
133,24.644725,118.211806,2011-01-30 17:05:43
133,24.644722,118.211809,2011-01-30 17:05:48
133,24.644722,118.211809,2011-01-30 17:05:51
133,24.644721,118.21181,2011-01-30 17:05:53
133,24.644681,118.211839,2011-01-30 17:05:58
133,24.644617,118.211877,2011-01-30 17:06:03
133,24.644518,118.211842,2011-01-30 17:06:07
133,24.644435,118.211755,2011-01-30 17:06:10
133,24.644349,118.211672,2011-01-30 17:06:14
133,24.644273,118.211592,2011-01-30 17:06:16
133,24.644154,118.211472,2011-01-30 17:06:18
133,24.644078,118.211408,2011-01-30 17:06:19
133,24.643999,118.211336,2011-01-30 17:06:20
133,24.643917,118.211259,2011-01-30 17:06:21
133,24.64383,118.21118,2011-01-30 17:06:22
133,24.643752,118.211101,2011-01-30 17:06:23
133,24.643674,118.211027,2011-01-30 17:06:24
133,24.643589,118.210958,2011-01-30 17:06:25
133,24.643514,118.210887,2011-01-30 17:06:26
133,24.643441,118.210829,2011-01-30 17:06:27
133,24.643369,118.210766,2011-01-30 17:06:28
133,24.643299,118.2107,2011-01-30 17:06:29
133,24.643231,118.210629,2011-01-30 17:06:30
133,24.643166,118.210559,2011-01-30 17:06:31
133,24.643046,118.210462,2011-01-30 17:06:33
133,24.642948,118.210363,2011-01-30 17:06:36
133,24.642841,118.210266,2011-01-30 17:06:38
133,24.642708,118.210119,2011-01-30 17:06:40
133,24.642632,118.210031,2011-01-30 17:06:41
133,24.642548,118.209939,2011-01-30 17:06:42
133,24.64246,118.209844,2011-01-30 17:06:43
133,24.642363,118.209742,2011-01-30 17:06:44
133,24.642262,118.209637,2011-01-30 17:06:45
133,24.642161,118.20953,2011-01-30 17:06:46
133,24.642059,118.209417,2011-01-30 17:06:47
133,24.641955,118.209303,2011-01-30 17:06:48
133,24.641844,118.209185,2011-01-30 17:06:49
133,24.641733,118.209065,2011-01-30 17:06:50
133,24.641622,118.208939,2011-01-30 17:06:51
133,24.641512,118.208815,2011-01-30 17:06:52
133,24.641398,118.20869,2011-01-30 17:06:53
133,24.641288,118.208566,2011-01-30 17:06:54
133,24.641184,118.208442,2011-01-30 17:06:55
133,24.641079,118.208322,2011-01-30 17:06:56
133,24.640977,118.208205,2011-01-30 17:06:57
133,24.640878,118.208091,2011-01-30 17:06:58
133,24.640779,118.207983,2011-01-30 17:06:59
133,24.640684,118.207874,2011-01-30 17:07:00
133,24.64059,118.207769,2011-01-30 17:07:01
133,24.640497,118.20767,2011-01-30 17:07:02
133,24.640405,118.207574,2011-01-30 17:07:03
133,24.640314,118.20748,2011-01-30 17:07:04
133,24.640226,118.207388,2011-01-30 17:07:05
133,24.640149,118.207304,2011-01-30 17:07:06
133,24.640082,118.207231,2011-01-30 17:07:07
133,24.639984,118.207121,2011-01-30 17:07:09
133,24.639884,118.207018,2011-01-30 17:07:12
133,24.639785,118.206916,2011-01-30 17:07:14
133,24.639656,118.20678,2011-01-30 17:07:16
133,24.639584,118.206698,2011-01-30 17:07:17
133,24.639519,118.206621,2011-01-30 17:07:18
133,24.639407,118.206483,2011-01-30 17:07:20
133,24.639334,118.206389,2011-01-30 17:07:22
133,24.639238,118.206283,2011-01-30 17:07:25
133,24.63914,118.206243,2011-01-30 17:07:27
133,24.639025,118.206255,2011-01-30 17:07:29
133,24.63892,118.206256,2011-01-30 17:07:31
133,24.638812,118.206199,2011-01-30 17:07:34
133,24.638781,118.206036,2011-01-30 17:07:37
133,24.638772,118.205859,2011-01-30 17:07:39
133,24.638763,118.205753,2011-01-30 17:07:40
133,24.638756,118.205648,2011-01-30 17:07:41
133,24.638753,118.205488,2011-01-30 17:07:43
133,24.638733,118.205419,2011-01-30 17:07:48
133,24.638668,118.205448,2011-01-30 17:07:53
133,24.638598,118.205385,2011-01-30 17:07:58
133,24.638525,118.205264,2011-01-30 17:08:01
133,24.638457,118.205161,2011-01-30 17:08:03
133,24.638365,118.205041,2011-01-30 17:08:05
133,24.638271,118.204906,2011-01-30 17:08:07
133,24.638165,118.204767,2011-01-30 17:08:09
133,24.638101,118.204692,2011-01-30 17:08:10
133,24.638035,118.204611,2011-01-30 17:08:11
133,24.637969,118.204525,2011-01-30 17:08:12
133,24.637904,118.204442,2011-01-30 17:08:13
133,24.637836,118.204354,2011-01-30 17:08:14
133,24.637771,118.204268,2011-01-30 17:08:15
133,24.637677,118.204142,2011-01-30 17:08:17
133,24.637612,118.204056,2011-01-30 17:08:19
133,24.637529,118.203938,2011-01-30 17:08:21
133,24.637416,118.20379,2011-01-30 17:08:23
133,24.637346,118.203701,2011-01-30 17:08:24
133,24.637273,118.20361,2011-01-30 17:08:25
133,24.637193,118.203509,2011-01-30 17:08:26
133,24.637108,118.203405,2011-01-30 17:08:27
133,24.637015,118.203301,2011-01-30 17:08:28
133,24.63692,118.203193,2011-01-30 17:08:29
133,24.636829,118.203092,2011-01-30 17:08:30
133,24.636735,118.202994,2011-01-30 17:08:31
133,24.636641,118.2029,2011-01-30 17:08:32
133,24.636552,118.202806,2011-01-30 17:08:33
133,24.636468,118.202717,2011-01-30 17:08:34
133,24.636393,118.202632,2011-01-30 17:08:35
133,24.636321,118.20255,2011-01-30 17:08:36
133,24.63625,118.202469,2011-01-30 17:08:37
133,24.636182,118.202392,2011-01-30 17:08:38
133,24.636069,118.202268,2011-01-30 17:08:40
133,24.635949,118.202146,2011-01-30 17:08:42
133,24.635879,118.202079,2011-01-30 17:08:43
133,24.635811,118.202002,2011-01-30 17:08:44
133,24.635741,118.20192,2011-01-30 17:08:45
133,24.635665,118.201832,2011-01-30 17:08:46
133,24.635585,118.201741,2011-01-30 17:08:47
133,24.635504,118.201654,2011-01-30 17:08:48
133,24.635426,118.201567,2011-01-30 17:08:49
133,24.63535,118.201484,2011-01-30 17:08:50
133,24.635274,118.2014,2011-01-30 17:08:51
133,24.635195,118.201317,2011-01-30 17:08:52
133,24.635115,118.201234,2011-01-30 17:08:53
133,24.635036,118.201141,2011-01-30 17:08:54
133,24.63496,118.201057,2011-01-30 17:08:55
133,24.634886,118.200979,2011-01-30 17:08:56
133,24.634821,118.20091,2011-01-30 17:08:57
133,24.634701,118.200785,2011-01-30 17:08:59
133,24.634572,118.200649,2011-01-30 17:09:01
133,24.634498,118.200572,2011-01-30 17:09:02
133,24.634426,118.20049,2011-01-30 17:09:03
133,24.634349,118.200402,2011-01-30 17:09:04
133,24.63427,118.200309,2011-01-30 17:09:05
133,24.634186,118.200215,2011-01-30 17:09:06
133,24.634104,118.200117,2011-01-30 17:09:07
133,24.634027,118.200025,2011-01-30 17:09:08
133,24.633959,118.199942,2011-01-30 17:09:09
133,24.633896,118.199869,2011-01-30 17:09:10
133,24.633811,118.199774,2011-01-30 17:09:12
133,24.63374,118.199681,2011-01-30 17:09:16
133,24.633685,118.1996,2011-01-30 17:09:19
133,24.633644,118.199478,2011-01-30 17:09:23
133,24.63364,118.199376,2011-01-30 17:09:25
133,24.633637,118.199269,2011-01-30 17:09:27
133,24.633647,118.199142,2011-01-30 17:09:29
133,24.633651,118.198964,2011-01-30 17:09:31
133,24.633646,118.198855,2011-01-30 17:09:32
133,24.633642,118.198736,2011-01-30 17:09:33
133,24.63364,118.198612,2011-01-30 17:09:34
133,24.63364,118.198484,2011-01-30 17:09:35
133,24.63364,118.198357,2011-01-30 17:09:36
133,24.633642,118.198226,2011-01-30 17:09:37
133,24.633643,118.198095,2011-01-30 17:09:38
133,24.633644,118.197961,2011-01-30 17:09:39
133,24.633643,118.197822,2011-01-30 17:09:40
133,24.633635,118.197681,2011-01-30 17:09:41
133,24.633634,118.197532,2011-01-30 17:09:42
133,24.633632,118.197375,2011-01-30 17:09:43
133,24.633632,118.197213,2011-01-30 17:09:44
133,24.633634,118.197047,2011-01-30 17:09:45
133,24.633634,118.196876,2011-01-30 17:09:46
133,24.633634,118.196698,2011-01-30 17:09:47
133,24.633637,118.196528,2011-01-30 17:09:48
133,24.633639,118.196354,2011-01-30 17:09:49
133,24.633647,118.196182,2011-01-30 17:09:50
133,24.633658,118.196007,2011-01-30 17:09:51
133,24.63367,118.195838,2011-01-30 17:09:52
133,24.633683,118.195675,2011-01-30 17:09:53
133,24.633699,118.195517,2011-01-30 17:09:54
133,24.633717,118.195359,2011-01-30 17:09:55
133,24.633732,118.195202,2011-01-30 17:09:56
133,24.633751,118.195047,2011-01-30 17:09:57
133,24.633769,118.194892,2011-01-30 17:09:58
133,24.633786,118.19474,2011-01-30 17:09:59
133,24.63381,118.194592,2011-01-30 17:10:00
133,24.633835,118.194446,2011-01-30 17:10:01
133,24.633857,118.194293,2011-01-30 17:10:02
133,24.633878,118.194134,2011-01-30 17:10:03
133,24.633906,118.193977,2011-01-30 17:10:04
133,24.633931,118.193812,2011-01-30 17:10:05
133,24.633969,118.193656,2011-01-30 17:10:06
133,24.634011,118.193498,2011-01-30 17:10:07
133,24.634038,118.19333,2011-01-30 17:10:08
133,24.63406,118.193159,2011-01-30 17:10:09
133,24.634081,118.192984,2011-01-30 17:10:10
133,24.634108,118.192806,2011-01-30 17:10:11
133,24.634144,118.19263,2011-01-30 17:10:12
133,24.63418,118.19245,2011-01-30 17:10:13
133,24.634219,118.192272,2011-01-30 17:10:14
133,24.634262,118.192091,2011-01-30 17:10:15
133,24.634303,118.19191,2011-01-30 17:10:16
133,24.634348,118.191725,2011-01-30 17:10:17
133,24.6344,118.191547,2011-01-30 17:10:18
133,24.634453,118.191367,2011-01-30 17:10:19
133,24.634503,118.191187,2011-01-30 17:10:20
133,24.634558,118.191006,2011-01-30 17:10:21
133,24.634613,118.190825,2011-01-30 17:10:22
133,24.634668,118.190639,2011-01-30 17:10:23
133,24.634727,118.190452,2011-01-30 17:10:24
133,24.634791,118.190267,2011-01-30 17:10:25
133,24.634857,118.190076,2011-01-30 17:10:26
133,24.634929,118.189894,2011-01-30 17:10:27
133,24.634997,118.189701,2011-01-30 17:10:28
133,24.635068,118.189516,2011-01-30 17:10:29
133,24.635137,118.189325,2011-01-30 17:10:30
133,24.635203,118.189129,2011-01-30 17:10:31
133,24.635272,118.188946,2011-01-30 17:10:32
133,24.635335,118.188755,2011-01-30 17:10:33
133,24.635396,118.188572,2011-01-30 17:10:34
133,24.635465,118.188406,2011-01-30 17:10:35
133,24.635526,118.188232,2011-01-30 17:10:36
133,24.635582,118.188066,2011-01-30 17:10:37
133,24.635636,118.187908,2011-01-30 17:10:38
133,24.635688,118.187759,2011-01-30 17:10:39
133,24.635739,118.187616,2011-01-30 17:10:40
133,24.635787,118.187475,2011-01-30 17:10:41
133,24.635834,118.187345,2011-01-30 17:10:42
133,24.635882,118.187207,2011-01-30 17:10:43
133,24.635931,118.187064,2011-01-30 17:10:44
133,24.635984,118.186919,2011-01-30 17:10:45
133,24.63603,118.186764,2011-01-30 17:10:46
133,24.636079,118.186608,2011-01-30 17:10:47
133,24.636127,118.186452,2011-01-30 17:10:48
133,24.636179,118.186293,2011-01-30 17:10:49
133,24.636235,118.186128,2011-01-30 17:10:50
133,24.636281,118.185957,2011-01-30 17:10:51
133,24.636333,118.185786,2011-01-30 17:10:52
133,24.636387,118.185611,2011-01-30 17:10:53
133,24.636442,118.18543,2011-01-30 17:10:54
133,24.636503,118.185251,2011-01-30 17:10:55
133,24.636567,118.185067,2011-01-30 17:10:56
133,24.636631,118.184881,2011-01-30 17:10:57
133,24.636694,118.18469,2011-01-30 17:10:58
133,24.63676,118.184499,2011-01-30 17:10:59
133,24.636827,118.184307,2011-01-30 17:11:00
133,24.636892,118.18411,2011-01-30 17:11:01
133,24.636955,118.183905,2011-01-30 17:11:02
133,24.63702,118.183702,2011-01-30 17:11:03
133,24.637087,118.183504,2011-01-30 17:11:04
133,24.637151,118.183308,2011-01-30 17:11:05
133,24.63722,118.183118,2011-01-30 17:11:06
133,24.637286,118.182927,2011-01-30 17:11:07
133,24.637349,118.182732,2011-01-30 17:11:08
133,24.637418,118.182541,2011-01-30 17:11:09
133,24.637492,118.182349,2011-01-30 17:11:10
133,24.637563,118.182148,2011-01-30 17:11:11
133,24.637633,118.181942,2011-01-30 17:11:12
133,24.637707,118.18174,2011-01-30 17:11:13
133,24.637786,118.181531,2011-01-30 17:11:14
133,24.637864,118.181319,2011-01-30 17:11:15
133,24.637943,118.181105,2011-01-30 17:11:16
133,24.63802,118.180887,2011-01-30 17:11:17
133,24.638101,118.180666,2011-01-30 17:11:18
133,24.638185,118.180447,2011-01-30 17:11:19
133,24.638269,118.180221,2011-01-30 17:11:20
133,24.638347,118.179989,2011-01-30 17:11:21
133,24.638423,118.179758,2011-01-30 17:11:22
133,24.6385,118.179523,2011-01-30 17:11:23
133,24.638562,118.179284,2011-01-30 17:11:24
133,24.638619,118.179045,2011-01-30 17:11:25
133,24.638673,118.178801,2011-01-30 17:11:26
133,24.638726,118.178562,2011-01-30 17:11:27
133,24.638782,118.178327,2011-01-30 17:11:28
133,24.638835,118.178094,2011-01-30 17:11:29
133,24.638886,118.177861,2011-01-30 17:11:30
133,24.638931,118.17763,2011-01-30 17:11:31
133,24.638981,118.177405,2011-01-30 17:11:32
133,24.639021,118.177178,2011-01-30 17:11:33
133,24.63905,118.176946,2011-01-30 17:11:34
133,24.63908,118.176716,2011-01-30 17:11:35
133,24.639111,118.176487,2011-01-30 17:11:36
133,24.639135,118.176251,2011-01-30 17:11:37
133,24.639162,118.176018,2011-01-30 17:11:38
133,24.639185,118.175786,2011-01-30 17:11:39
133,24.639205,118.175549,2011-01-30 17:11:40
133,24.639226,118.175317,2011-01-30 17:11:41
133,24.639244,118.175084,2011-01-30 17:11:42
133,24.639256,118.174845,2011-01-30 17:11:43
133,24.639271,118.174611,2011-01-30 17:11:44
133,24.639286,118.174378,2011-01-30 17:11:45
133,24.639297,118.174147,2011-01-30 17:11:46
133,24.639304,118.173915,2011-01-30 17:11:47
133,24.63931,118.173682,2011-01-30 17:11:48
133,24.639312,118.173445,2011-01-30 17:11:49
133,24.63931,118.173207,2011-01-30 17:11:50
133,24.639311,118.172963,2011-01-30 17:11:51
133,24.639319,118.172724,2011-01-30 17:11:52
133,24.639324,118.17248,2011-01-30 17:11:53
133,24.639332,118.172233,2011-01-30 17:11:54
133,24.63935,118.171992,2011-01-30 17:11:55
133,24.639367,118.171744,2011-01-30 17:11:56
133,24.63939,118.171495,2011-01-30 17:11:57
133,24.63942,118.171246,2011-01-30 17:11:58
133,24.639456,118.170998,2011-01-30 17:11:59
133,24.639488,118.170743,2011-01-30 17:12:00
133,24.639522,118.170488,2011-01-30 17:12:01
133,24.639559,118.170231,2011-01-30 17:12:02
133,24.639598,118.169973,2011-01-30 17:12:03
133,24.63964,118.169719,2011-01-30 17:12:04
133,24.639687,118.169471,2011-01-30 17:12:05
133,24.639735,118.169227,2011-01-30 17:12:06
133,24.639785,118.168989,2011-01-30 17:12:07
133,24.639835,118.168755,2011-01-30 17:12:08
133,24.639891,118.168524,2011-01-30 17:12:09
133,24.639945,118.1683,2011-01-30 17:12:10
133,24.640008,118.168086,2011-01-30 17:12:11
133,24.640077,118.16788,2011-01-30 17:12:12
133,24.640138,118.167675,2011-01-30 17:12:13
133,24.640196,118.167478,2011-01-30 17:12:14
133,24.640254,118.167282,2011-01-30 17:12:15
133,24.64031,118.16709,2011-01-30 17:12:16
133,24.640364,118.166908,2011-01-30 17:12:17
133,24.640412,118.166744,2011-01-30 17:12:18
133,24.640453,118.1666,2011-01-30 17:12:19
133,24.640493,118.166473,2011-01-30 17:12:20
133,24.640529,118.166359,2011-01-30 17:12:21
133,24.640563,118.166253,2011-01-30 17:12:22
133,24.640596,118.166151,2011-01-30 17:12:23
133,24.640626,118.16605,2011-01-30 17:12:24
133,24.640655,118.165949,2011-01-30 17:12:25
133,24.640685,118.165848,2011-01-30 17:12:26
133,24.64072,118.165754,2011-01-30 17:12:27
133,24.640756,118.16565,2011-01-30 17:12:28
133,24.640796,118.165533,2011-01-30 17:12:29
133,24.640839,118.165416,2011-01-30 17:12:30
133,24.640882,118.165286,2011-01-30 17:12:31
133,24.640925,118.165159,2011-01-30 17:12:32
133,24.640968,118.165015,2011-01-30 17:12:33
133,24.641013,118.164864,2011-01-30 17:12:34
133,24.641056,118.164709,2011-01-30 17:12:35
133,24.6411,118.164562,2011-01-30 17:12:36
133,24.641147,118.164405,2011-01-30 17:12:37
133,24.641194,118.164245,2011-01-30 17:12:38
133,24.641242,118.164086,2011-01-30 17:12:39
133,24.641291,118.163924,2011-01-30 17:12:40
133,24.641341,118.163759,2011-01-30 17:12:41
133,24.641398,118.163591,2011-01-30 17:12:42
133,24.641453,118.163413,2011-01-30 17:12:43
133,24.641508,118.163232,2011-01-30 17:12:44
133,24.641564,118.163051,2011-01-30 17:12:45
133,24.641615,118.162864,2011-01-30 17:12:46
133,24.64167,118.162667,2011-01-30 17:12:47
133,24.641727,118.162468,2011-01-30 17:12:48
133,24.641784,118.162266,2011-01-30 17:12:49
133,24.641842,118.162059,2011-01-30 17:12:50
133,24.641901,118.161848,2011-01-30 17:12:51
133,24.641963,118.161637,2011-01-30 17:12:52
133,24.642026,118.161423,2011-01-30 17:12:53
133,24.642087,118.161205,2011-01-30 17:12:54
133,24.642151,118.160986,2011-01-30 17:12:55
133,24.642211,118.160765,2011-01-30 17:12:56
133,24.642275,118.16055,2011-01-30 17:12:57
133,24.642338,118.160341,2011-01-30 17:12:58
133,24.642401,118.160137,2011-01-30 17:12:59
133,24.642462,118.159937,2011-01-30 17:13:00
133,24.642526,118.159741,2011-01-30 17:13:01
133,24.642586,118.159549,2011-01-30 17:13:02
133,24.642644,118.159365,2011-01-30 17:13:03
133,24.642699,118.159185,2011-01-30 17:13:04
133,24.642752,118.159009,2011-01-30 17:13:05
133,24.642804,118.158839,2011-01-30 17:13:06
133,24.642853,118.158667,2011-01-30 17:13:07
133,24.642903,118.158498,2011-01-30 17:13:08
133,24.642952,118.158332,2011-01-30 17:13:09
133,24.643,118.15817,2011-01-30 17:13:10
133,24.643049,118.158015,2011-01-30 17:13:11
133,24.643096,118.157864,2011-01-30 17:13:12
133,24.64314,118.157713,2011-01-30 17:13:13
133,24.643185,118.157562,2011-01-30 17:13:14
133,24.643227,118.157415,2011-01-30 17:13:15
133,24.643275,118.157276,2011-01-30 17:13:16
133,24.643322,118.15714,2011-01-30 17:13:17
133,24.643368,118.157006,2011-01-30 17:13:18
133,24.643417,118.156874,2011-01-30 17:13:19
133,24.643466,118.156747,2011-01-30 17:13:20
133,24.643519,118.156627,2011-01-30 17:13:21
133,24.643572,118.156498,2011-01-30 17:13:22
133,24.643627,118.156377,2011-01-30 17:13:23
133,24.643679,118.156257,2011-01-30 17:13:24
133,24.643733,118.156141,2011-01-30 17:13:25
133,24.643789,118.156027,2011-01-30 17:13:26
133,24.643846,118.155914,2011-01-30 17:13:27
133,24.643903,118.155804,2011-01-30 17:13:28
133,24.643963,118.155699,2011-01-30 17:13:29
133,24.644017,118.155589,2011-01-30 17:13:30
133,24.644079,118.155485,2011-01-30 17:13:31
133,24.64414,118.155384,2011-01-30 17:13:32
133,24.644205,118.15529,2011-01-30 17:13:33
133,24.64427,118.155199,2011-01-30 17:13:34
133,24.644335,118.155111,2011-01-30 17:13:35
133,24.644398,118.155021,2011-01-30 17:13:36
133,24.644462,118.154939,2011-01-30 17:13:37
133,24.644532,118.154861,2011-01-30 17:13:38
133,24.644605,118.15479,2011-01-30 17:13:39
133,24.644689,118.154722,2011-01-30 17:13:40
133,24.644765,118.154661,2011-01-30 17:13:41
133,24.644843,118.154605,2011-01-30 17:13:42
133,24.644926,118.154556,2011-01-30 17:13:43
133,24.645016,118.154517,2011-01-30 17:13:44
133,24.645105,118.154481,2011-01-30 17:13:45
133,24.645206,118.154457,2011-01-30 17:13:46
133,24.645309,118.154441,2011-01-30 17:13:47
133,24.645412,118.154435,2011-01-30 17:13:48
133,24.645516,118.154434,2011-01-30 17:13:49
133,24.645619,118.15444,2011-01-30 17:13:50
133,24.645726,118.15445,2011-01-30 17:13:51
133,24.645832,118.154463,2011-01-30 17:13:52
133,24.645939,118.154478,2011-01-30 17:13:53
133,24.646047,118.154493,2011-01-30 17:13:54
133,24.646154,118.154507,2011-01-30 17:13:55
133,24.646265,118.154521,2011-01-30 17:13:56
133,24.646372,118.154537,2011-01-30 17:13:57
133,24.646469,118.154549,2011-01-30 17:13:58
133,24.646616,118.154573,2011-01-30 17:14:00
133,24.646752,118.154631,2011-01-30 17:14:02
133,24.646899,118.154719,2011-01-30 17:14:04
133,24.647041,118.154829,2011-01-30 17:14:06
133,24.647111,118.154899,2011-01-30 17:14:07
133,24.647181,118.154983,2011-01-30 17:14:08
133,24.647251,118.155071,2011-01-30 17:14:09
133,24.647322,118.155168,2011-01-30 17:14:10
133,24.647393,118.155272,2011-01-30 17:14:11
133,24.647461,118.155379,2011-01-30 17:14:12
133,24.647533,118.15549,2011-01-30 17:14:13
133,24.647609,118.155605,2011-01-30 17:14:14
133,24.647685,118.155725,2011-01-30 17:14:15
133,24.647764,118.155848,2011-01-30 17:14:16
133,24.64784,118.15597,2011-01-30 17:14:17
133,24.647916,118.156095,2011-01-30 17:14:18
133,24.647993,118.156215,2011-01-30 17:14:19
133,24.648066,118.156337,2011-01-30 17:14:20
133,24.64814,118.156457,2011-01-30 17:14:21
133,24.648215,118.156576,2011-01-30 17:14:22
133,24.648291,118.156698,2011-01-30 17:14:23
133,24.648368,118.15682,2011-01-30 17:14:24
133,24.648451,118.156939,2011-01-30 17:14:25
133,24.64853,118.157061,2011-01-30 17:14:26
133,24.648611,118.157187,2011-01-30 17:14:27
133,24.648699,118.157321,2011-01-30 17:14:28
133,24.648783,118.157458,2011-01-30 17:14:29
133,24.648871,118.157596,2011-01-30 17:14:30
133,24.648966,118.157741,2011-01-30 17:14:31
133,24.649061,118.157887,2011-01-30 17:14:32
133,24.649154,118.158034,2011-01-30 17:14:33
133,24.649249,118.158185,2011-01-30 17:14:34
133,24.649345,118.158339,2011-01-30 17:14:35
133,24.649446,118.158484,2011-01-30 17:14:36
133,24.649546,118.15863,2011-01-30 17:14:37
133,24.64965,118.158774,2011-01-30 17:14:38
133,24.649748,118.158918,2011-01-30 17:14:39
133,24.649846,118.159057,2011-01-30 17:14:40
133,24.649938,118.159203,2011-01-30 17:14:41
133,24.650031,118.159346,2011-01-30 17:14:42
133,24.650122,118.159495,2011-01-30 17:14:43
133,24.650223,118.159639,2011-01-30 17:14:44
133,24.650317,118.159782,2011-01-30 17:14:45
133,24.650412,118.159927,2011-01-30 17:14:46
133,24.650501,118.160075,2011-01-30 17:14:47
133,24.65059,118.160222,2011-01-30 17:14:48
133,24.650682,118.160368,2011-01-30 17:14:49
133,24.650774,118.160511,2011-01-30 17:14:50
133,24.650865,118.16065,2011-01-30 17:14:51
133,24.650955,118.160791,2011-01-30 17:14:52
133,24.651044,118.160931,2011-01-30 17:14:53
133,24.651129,118.161069,2011-01-30 17:14:54
133,24.651215,118.161205,2011-01-30 17:14:55
133,24.651292,118.161341,2011-01-30 17:14:56
133,24.651371,118.161475,2011-01-30 17:14:57
133,24.651447,118.161604,2011-01-30 17:14:58
133,24.651514,118.161723,2011-01-30 17:14:59
133,24.651584,118.161839,2011-01-30 17:15:00
133,24.651651,118.161954,2011-01-30 17:15:01
133,24.651721,118.162067,2011-01-30 17:15:02
133,24.651789,118.162177,2011-01-30 17:15:03
133,24.651858,118.162279,2011-01-30 17:15:04
133,24.651927,118.16238,2011-01-30 17:15:05
133,24.651991,118.162484,2011-01-30 17:15:06
133,24.652058,118.162587,2011-01-30 17:15:07
133,24.652126,118.162691,2011-01-30 17:15:08
133,24.652194,118.16279,2011-01-30 17:15:09
133,24.652261,118.162892,2011-01-30 17:15:10
133,24.652319,118.162996,2011-01-30 17:15:11
133,24.652385,118.163099,2011-01-30 17:15:12
133,24.652451,118.163201,2011-01-30 17:15:13
133,24.65252,118.163303,2011-01-30 17:15:14
133,24.652589,118.163408,2011-01-30 17:15:15
133,24.652658,118.163518,2011-01-30 17:15:16
133,24.652724,118.163627,2011-01-30 17:15:17
133,24.652786,118.163731,2011-01-30 17:15:18
133,24.652851,118.163832,2011-01-30 17:15:19
133,24.652915,118.16393,2011-01-30 17:15:20
133,24.652978,118.16402,2011-01-30 17:15:21
133,24.653036,118.164109,2011-01-30 17:15:22
133,24.653093,118.164189,2011-01-30 17:15:23
133,24.65318,118.164335,2011-01-30 17:15:25
133,24.653262,118.164468,2011-01-30 17:15:27
133,24.653327,118.16457,2011-01-30 17:15:29
133,24.653384,118.164647,2011-01-30 17:15:32
133,24.653395,118.164663,2011-01-30 17:15:37
133,24.653395,118.164662,2011-01-30 17:15:42
133,24.653393,118.16466,2011-01-30 17:15:47
133,24.653392,118.164658,2011-01-30 17:15:52
133,24.653392,118.164656,2011-01-30 17:15:57
133,24.653392,118.164656,2011-01-30 17:16:02
133,24.653391,118.164655,2011-01-30 17:16:07
133,24.653391,118.164655,2011-01-30 17:16:12
133,24.653391,118.164655,2011-01-30 17:16:15
133,24.653392,118.164656,2011-01-30 17:16:17
133,24.6535,118.164703,2011-01-30 17:16:22
133,24.653607,118.164679,2011-01-30 17:16:25
133,24.653694,118.16463,2011-01-30 17:16:27
133,24.65379,118.164545,2011-01-30 17:16:29
133,24.653886,118.164451,2011-01-30 17:16:31
133,24.653979,118.164358,2011-01-30 17:16:34
133,24.654053,118.164277,2011-01-30 17:16:36
133,24.65417,118.164157,2011-01-30 17:16:38
133,24.654243,118.164083,2011-01-30 17:16:39
133,24.654324,118.163997,2011-01-30 17:16:40
133,24.654418,118.163908,2011-01-30 17:16:41
133,24.654515,118.163811,2011-01-30 17:16:42
133,24.654621,118.163701,2011-01-30 17:16:43
133,24.654733,118.163591,2011-01-30 17:16:44
133,24.65484,118.163473,2011-01-30 17:16:45
133,24.654954,118.163356,2011-01-30 17:16:46
133,24.655064,118.163238,2011-01-30 17:16:47
133,24.655183,118.16313,2011-01-30 17:16:48
133,24.655293,118.163022,2011-01-30 17:16:49
133,24.6554,118.162918,2011-01-30 17:16:50
133,24.655507,118.162816,2011-01-30 17:16:51
133,24.655619,118.162711,2011-01-30 17:16:52
133,24.65573,118.162605,2011-01-30 17:16:53
133,24.655847,118.162497,2011-01-30 17:16:54
133,24.655962,118.162392,2011-01-30 17:16:55
133,24.656074,118.162283,2011-01-30 17:16:56
133,24.656191,118.162171,2011-01-30 17:16:57
133,24.65631,118.162058,2011-01-30 17:16:58
133,24.656432,118.161946,2011-01-30 17:16:59
133,24.656548,118.161835,2011-01-30 17:17:00
133,24.656662,118.161729,2011-01-30 17:17:01
133,24.656772,118.16162,2011-01-30 17:17:02
133,24.656879,118.161514,2011-01-30 17:17:03
133,24.656979,118.161427,2011-01-30 17:17:04
133,24.657064,118.161353,2011-01-30 17:17:05
133,24.65714,118.161289,2011-01-30 17:17:06
133,24.657263,118.161168,2011-01-30 17:17:08
133,24.657361,118.161074,2011-01-30 17:17:10
133,24.657474,118.160973,2011-01-30 17:17:12
133,24.657587,118.160856,2011-01-30 17:17:14
133,24.657683,118.160772,2011-01-30 17:17:16
133,24.657767,118.16071,2011-01-30 17:17:18
133,24.657861,118.160659,2011-01-30 17:17:20
133,24.657963,118.16061,2011-01-30 17:17:22
133,24.658091,118.160539,2011-01-30 17:17:24
133,24.658242,118.160428,2011-01-30 17:17:26
133,24.658325,118.160368,2011-01-30 17:17:27
133,24.658418,118.160306,2011-01-30 17:17:28
133,24.658514,118.160244,2011-01-30 17:17:29
133,24.658614,118.160184,2011-01-30 17:17:30
133,24.658725,118.160127,2011-01-30 17:17:31
133,24.658834,118.160068,2011-01-30 17:17:32
133,24.658936,118.160008,2011-01-30 17:17:33
133,24.659038,118.159951,2011-01-30 17:17:34
133,24.65914,118.159897,2011-01-30 17:17:35
133,24.659241,118.159848,2011-01-30 17:17:36
133,24.659329,118.159801,2011-01-30 17:17:37
133,24.65948,118.159729,2011-01-30 17:17:39
133,24.659607,118.159662,2011-01-30 17:17:41
133,24.659731,118.159596,2011-01-30 17:17:43
133,24.659869,118.159529,2011-01-30 17:17:45
133,24.660027,118.159462,2011-01-30 17:17:47
133,24.660169,118.159395,2011-01-30 17:17:49
133,24.660261,118.159332,2011-01-30 17:17:51
133,24.660346,118.159251,2011-01-30 17:17:54
133,24.660415,118.159181,2011-01-30 17:17:57
133,24.660522,118.159096,2011-01-30 17:18:00
133,24.660622,118.15903,2011-01-30 17:18:02
133,24.660743,118.158951,2011-01-30 17:18:04
133,24.660855,118.158873,2011-01-30 17:18:06
133,24.660949,118.158793,2011-01-30 17:18:08
133,24.661038,118.158685,2011-01-30 17:18:10
133,24.66113,118.15852,2011-01-30 17:18:12
133,24.661174,118.158422,2011-01-30 17:18:13
133,24.661223,118.158324,2011-01-30 17:18:14
133,24.661277,118.158228,2011-01-30 17:18:15
133,24.661344,118.158149,2011-01-30 17:18:16
133,24.66142,118.158088,2011-01-30 17:18:17
133,24.66156,118.157988,2011-01-30 17:18:19
133,24.661697,118.157897,2011-01-30 17:18:21
133,24.661838,118.157808,2011-01-30 17:18:23
133,24.661956,118.15772,2011-01-30 17:18:25
133,24.662088,118.157699,2011-01-30 17:18:27
133,24.662239,118.157714,2011-01-30 17:18:29
133,24.662411,118.157764,2011-01-30 17:18:31
133,24.662507,118.157793,2011-01-30 17:18:32
133,24.662611,118.157825,2011-01-30 17:18:33
133,24.662713,118.157858,2011-01-30 17:18:34
133,24.662815,118.157889,2011-01-30 17:18:35
133,24.662921,118.157918,2011-01-30 17:18:36
133,24.663025,118.157945,2011-01-30 17:18:37
133,24.66313,118.157972,2011-01-30 17:18:38
133,24.663239,118.157998,2011-01-30 17:18:39
133,24.663346,118.158027,2011-01-30 17:18:40
133,24.663461,118.158053,2011-01-30 17:18:41
133,24.663573,118.15808,2011-01-30 17:18:42
133,24.663692,118.158103,2011-01-30 17:18:43
133,24.663813,118.158131,2011-01-30 17:18:44
133,24.663936,118.158154,2011-01-30 17:18:45
133,24.664057,118.158176,2011-01-30 17:18:46
133,24.664178,118.15819,2011-01-30 17:18:47
133,24.664298,118.158202,2011-01-30 17:18:48
133,24.664423,118.158216,2011-01-30 17:18:49
133,24.664552,118.158224,2011-01-30 17:18:50
133,24.664687,118.158225,2011-01-30 17:18:51
133,24.664818,118.158223,2011-01-30 17:18:52
133,24.664947,118.158218,2011-01-30 17:18:53
133,24.665074,118.158197,2011-01-30 17:18:54
133,24.665199,118.158174,2011-01-30 17:18:55
133,24.665329,118.158138,2011-01-30 17:18:56
133,24.66546,118.158112,2011-01-30 17:18:57
133,24.665589,118.158095,2011-01-30 17:18:58
133,24.665724,118.158067,2011-01-30 17:18:59
133,24.665857,118.158038,2011-01-30 17:19:00
133,24.665994,118.158007,2011-01-30 17:19:01
133,24.666129,118.157978,2011-01-30 17:19:02
133,24.666265,118.157946,2011-01-30 17:19:03
133,24.666399,118.157913,2011-01-30 17:19:04
133,24.666531,118.157879,2011-01-30 17:19:05
133,24.666664,118.157845,2011-01-30 17:19:06
133,24.666792,118.157813,2011-01-30 17:19:07
133,24.666919,118.157784,2011-01-30 17:19:08
133,24.667043,118.157751,2011-01-30 17:19:09
133,24.667162,118.157725,2011-01-30 17:19:10
133,24.667279,118.157699,2011-01-30 17:19:11
133,24.667396,118.157667,2011-01-30 17:19:12
133,24.66751,118.157636,2011-01-30 17:19:13
133,24.667624,118.157605,2011-01-30 17:19:14
133,24.667733,118.157574,2011-01-30 17:19:15
133,24.667834,118.157546,2011-01-30 17:19:16
133,24.667925,118.157514,2011-01-30 17:19:17
133,24.66802,118.157479,2011-01-30 17:19:18
133,24.668112,118.157452,2011-01-30 17:19:19
133,24.668207,118.157427,2011-01-30 17:19:20
133,24.668302,118.157401,2011-01-30 17:19:21
133,24.668391,118.157381,2011-01-30 17:19:22
133,24.668561,118.157342,2011-01-30 17:19:24
133,24.668721,118.157305,2011-01-30 17:19:26
133,24.668894,118.157261,2011-01-30 17:19:28
133,24.66899,118.157242,2011-01-30 17:19:29
133,24.669093,118.157222,2011-01-30 17:19:30
133,24.669199,118.157206,2011-01-30 17:19:31
133,24.669302,118.157186,2011-01-30 17:19:32
133,24.6694,118.157167,2011-01-30 17:19:33
133,24.66958,118.157138,2011-01-30 17:19:35
133,24.669746,118.157098,2011-01-30 17:19:37
133,24.669914,118.157057,2011-01-30 17:19:39
133,24.670004,118.157037,2011-01-30 17:19:40
133,24.670099,118.157015,2011-01-30 17:19:41
133,24.670199,118.15699,2011-01-30 17:19:42
133,24.670303,118.156963,2011-01-30 17:19:43
133,24.67041,118.156935,2011-01-30 17:19:44
133,24.670517,118.156907,2011-01-30 17:19:45
133,24.670627,118.156883,2011-01-30 17:19:46
133,24.670729,118.156865,2011-01-30 17:19:47
133,24.670826,118.156853,2011-01-30 17:19:48
133,24.670918,118.15684,2011-01-30 17:19:49
133,24.671009,118.156821,2011-01-30 17:19:50
133,24.671099,118.156796,2011-01-30 17:19:51
133,24.671271,118.156754,2011-01-30 17:19:53
133,24.671363,118.156732,2011-01-30 17:19:54
133,24.671541,118.156697,2011-01-30 17:19:56
133,24.671708,118.156648,2011-01-30 17:19:58
133,24.67188,118.156603,2011-01-30 17:20:00
133,24.671985,118.156579,2011-01-30 17:20:01
133,24.672097,118.156551,2011-01-30 17:20:02
133,24.672213,118.156525,2011-01-30 17:20:03
133,24.672332,118.156496,2011-01-30 17:20:04
133,24.672457,118.156469,2011-01-30 17:20:05
133,24.672587,118.156433,2011-01-30 17:20:06
133,24.672716,118.156394,2011-01-30 17:20:07
133,24.672847,118.156364,2011-01-30 17:20:08
133,24.672974,118.156333,2011-01-30 17:20:09
133,24.673095,118.156303,2011-01-30 17:20:10
133,24.673209,118.156274,2011-01-30 17:20:11
133,24.673318,118.15625,2011-01-30 17:20:12
133,24.673426,118.156229,2011-01-30 17:20:13
133,24.673536,118.156204,2011-01-30 17:20:14
133,24.673645,118.156175,2011-01-30 17:20:15
133,24.673757,118.15615,2011-01-30 17:20:16
133,24.673873,118.156118,2011-01-30 17:20:17
133,24.673983,118.156087,2011-01-30 17:20:18
133,24.674088,118.156056,2011-01-30 17:20:19
133,24.674193,118.156027,2011-01-30 17:20:20
133,24.674297,118.156001,2011-01-30 17:20:21
133,24.674406,118.155978,2011-01-30 17:20:22
133,24.674518,118.155951,2011-01-30 17:20:23
133,24.674637,118.155925,2011-01-30 17:20:24
133,24.674758,118.155908,2011-01-30 17:20:25
133,24.674879,118.155884,2011-01-30 17:20:26
133,24.675,118.155861,2011-01-30 17:20:27
133,24.67512,118.155838,2011-01-30 17:20:28
133,24.675234,118.155814,2011-01-30 17:20:29
133,24.67533,118.155782,2011-01-30 17:20:30
133,24.675428,118.155754,2011-01-30 17:20:31
133,24.67553,118.15573,2011-01-30 17:20:32
133,24.675634,118.155706,2011-01-30 17:20:33
133,24.675813,118.155653,2011-01-30 17:20:35
133,24.675913,118.155633,2011-01-30 17:20:36
133,24.676016,118.155607,2011-01-30 17:20:37
133,24.676124,118.155578,2011-01-30 17:20:38
133,24.67623,118.155549,2011-01-30 17:20:39
133,24.676334,118.155521,2011-01-30 17:20:40
133,24.676438,118.155489,2011-01-30 17:20:41
133,24.676543,118.155459,2011-01-30 17:20:42
133,24.676652,118.15543,2011-01-30 17:20:43
133,24.676763,118.155404,2011-01-30 17:20:44
133,24.676876,118.155378,2011-01-30 17:20:45
133,24.676989,118.155353,2011-01-30 17:20:46
133,24.677099,118.155326,2011-01-30 17:20:47
133,24.677212,118.155297,2011-01-30 17:20:48
133,24.677327,118.15527,2011-01-30 17:20:49
133,24.677441,118.155246,2011-01-30 17:20:50
133,24.677562,118.15522,2011-01-30 17:20:51
133,24.677683,118.155195,2011-01-30 17:20:52
133,24.677799,118.155165,2011-01-30 17:20:53
133,24.67791,118.155145,2011-01-30 17:20:54
133,24.678014,118.155124,2011-01-30 17:20:55
133,24.678116,118.155101,2011-01-30 17:20:56
133,24.678212,118.155078,2011-01-30 17:20:57
133,24.678304,118.15505,2011-01-30 17:20:58
133,24.678396,118.155023,2011-01-30 17:20:59
133,24.678488,118.155002,2011-01-30 17:21:00
133,24.678581,118.154981,2011-01-30 17:21:01
133,24.678738,118.154943,2011-01-30 17:21:03
133,24.678925,118.154885,2011-01-30 17:21:05
133,24.67903,118.154852,2011-01-30 17:21:06
133,24.679147,118.154825,2011-01-30 17:21:07
133,24.679277,118.154793,2011-01-30 17:21:08
133,24.679407,118.154758,2011-01-30 17:21:09
133,24.679546,118.154729,2011-01-30 17:21:10
133,24.679675,118.154703,2011-01-30 17:21:11
133,24.679804,118.154676,2011-01-30 17:21:12
133,24.679935,118.154653,2011-01-30 17:21:13
133,24.680064,118.154629,2011-01-30 17:21:14
133,24.680199,118.154592,2011-01-30 17:21:15
133,24.680347,118.154552,2011-01-30 17:21:16
133,24.680488,118.154519,2011-01-30 17:21:17
133,24.680632,118.154485,2011-01-30 17:21:18
133,24.680775,118.154452,2011-01-30 17:21:19
133,24.680913,118.15442,2011-01-30 17:21:20
133,24.681054,118.154384,2011-01-30 17:21:21
133,24.681188,118.154347,2011-01-30 17:21:22
133,24.68131,118.154308,2011-01-30 17:21:23
133,24.681429,118.154273,2011-01-30 17:21:24
133,24.681543,118.154232,2011-01-30 17:21:25
133,24.68165,118.154187,2011-01-30 17:21:26
133,24.681747,118.154147,2011-01-30 17:21:27
133,24.681841,118.15411,2011-01-30 17:21:28
133,24.681942,118.154068,2011-01-30 17:21:29
133,24.682035,118.154033,2011-01-30 17:21:30
133,24.682128,118.154003,2011-01-30 17:21:31
133,24.682222,118.153972,2011-01-30 17:21:32
133,24.682312,118.153948,2011-01-30 17:21:33
133,24.682407,118.153923,2011-01-30 17:21:34
133,24.682502,118.153904,2011-01-30 17:21:35
133,24.6826,118.153879,2011-01-30 17:21:36
133,24.682701,118.153853,2011-01-30 17:21:37
133,24.682811,118.153826,2011-01-30 17:21:38
133,24.682922,118.1538,2011-01-30 17:21:39
133,24.683038,118.153778,2011-01-30 17:21:40
133,24.683155,118.153748,2011-01-30 17:21:41
133,24.683275,118.153718,2011-01-30 17:21:42
133,24.683393,118.153688,2011-01-30 17:21:43
133,24.683512,118.153663,2011-01-30 17:21:44
133,24.683627,118.153634,2011-01-30 17:21:45
133,24.683741,118.153609,2011-01-30 17:21:46
133,24.683851,118.153579,2011-01-30 17:21:47
133,24.683965,118.153545,2011-01-30 17:21:48
133,24.684081,118.153519,2011-01-30 17:21:49
133,24.684201,118.15349,2011-01-30 17:21:50
133,24.684325,118.153459,2011-01-30 17:21:51
133,24.684454,118.153432,2011-01-30 17:21:52
133,24.684578,118.153404,2011-01-30 17:21:53
133,24.684703,118.153381,2011-01-30 17:21:54
133,24.684822,118.153361,2011-01-30 17:21:55
133,24.684937,118.153344,2011-01-30 17:21:56
133,24.685048,118.153324,2011-01-30 17:21:57
133,24.685151,118.153306,2011-01-30 17:21:58
133,24.685245,118.153296,2011-01-30 17:21:59
133,24.685338,118.153283,2011-01-30 17:22:00
133,24.68543,118.15327,2011-01-30 17:22:01
133,24.685523,118.153254,2011-01-30 17:22:02
133,24.685613,118.153242,2011-01-30 17:22:03
133,24.685787,118.153205,2011-01-30 17:22:05
133,24.685951,118.153175,2011-01-30 17:22:07
133,24.686083,118.15315,2011-01-30 17:22:09
133,24.686203,118.153118,2011-01-30 17:22:11
133,24.68636,118.153087,2011-01-30 17:22:13
133,24.686454,118.153066,2011-01-30 17:22:14
133,24.686558,118.153036,2011-01-30 17:22:15
133,24.686673,118.153009,2011-01-30 17:22:16
133,24.686791,118.152984,2011-01-30 17:22:17
133,24.686905,118.152964,2011-01-30 17:22:18
133,24.687002,118.152937,2011-01-30 17:22:19
133,24.687149,118.152897,2011-01-30 17:22:21
133,24.687298,118.152869,2011-01-30 17:22:23
133,24.687387,118.152849,2011-01-30 17:22:24
133,24.687492,118.152829,2011-01-30 17:22:25
133,24.687602,118.152798,2011-01-30 17:22:26
133,24.68772,118.152771,2011-01-30 17:22:27
133,24.687848,118.152741,2011-01-30 17:22:28
133,24.687985,118.152711,2011-01-30 17:22:29
133,24.688127,118.152685,2011-01-30 17:22:30
133,24.68827,118.152655,2011-01-30 17:22:31
133,24.688419,118.152623,2011-01-30 17:22:32
133,24.688563,118.152586,2011-01-30 17:22:33
133,24.68871,118.152551,2011-01-30 17:22:34
133,24.688856,118.152519,2011-01-30 17:22:35
133,24.689004,118.15248,2011-01-30 17:22:36
133,24.689148,118.152447,2011-01-30 17:22:37
133,24.68929,118.152413,2011-01-30 17:22:38
133,24.689424,118.152379,2011-01-30 17:22:39
133,24.689557,118.152347,2011-01-30 17:22:40
133,24.689683,118.152319,2011-01-30 17:22:41
133,24.689799,118.152284,2011-01-30 17:22:42
133,24.689912,118.152254,2011-01-30 17:22:43
133,24.690006,118.15222,2011-01-30 17:22:44
133,24.690104,118.152193,2011-01-30 17:22:45
133,24.690204,118.152162,2011-01-30 17:22:46
133,24.6903,118.152137,2011-01-30 17:22:47
133,24.690401,118.152108,2011-01-30 17:22:48
133,24.690514,118.152074,2011-01-30 17:22:49
133,24.690626,118.152047,2011-01-30 17:22:50
133,24.690731,118.152015,2011-01-30 17:22:51
133,24.690839,118.151987,2011-01-30 17:22:52
133,24.690947,118.151962,2011-01-30 17:22:53
133,24.691057,118.151938,2011-01-30 17:22:54
133,24.691167,118.151913,2011-01-30 17:22:55
133,24.691271,118.151888,2011-01-30 17:22:56
133,24.691376,118.151868,2011-01-30 17:22:57
133,24.691476,118.151843,2011-01-30 17:22:58
133,24.691576,118.151817,2011-01-30 17:22:59
133,24.691673,118.151796,2011-01-30 17:23:00
133,24.691766,118.151777,2011-01-30 17:23:01
133,24.691854,118.151755,2011-01-30 17:23:02
133,24.692006,118.151717,2011-01-30 17:23:04
133,24.692167,118.151668,2011-01-30 17:23:06
133,24.692349,118.151626,2011-01-30 17:23:08
133,24.69245,118.151602,2011-01-30 17:23:09
133,24.692555,118.151578,2011-01-30 17:23:10
133,24.692664,118.15155,2011-01-30 17:23:11
133,24.692786,118.151533,2011-01-30 17:23:12
133,24.692902,118.15151,2011-01-30 17:23:13
133,24.693012,118.151483,2011-01-30 17:23:14
133,24.69312,118.151458,2011-01-30 17:23:15
133,24.693228,118.151434,2011-01-30 17:23:16
133,24.693329,118.1514,2011-01-30 17:23:17
133,24.693434,118.151381,2011-01-30 17:23:18
133,24.69354,118.151354,2011-01-30 17:23:19
133,24.693645,118.151318,2011-01-30 17:23:20
133,24.693754,118.151286,2011-01-30 17:23:21
133,24.693867,118.151259,2011-01-30 17:23:22
133,24.693978,118.151228,2011-01-30 17:23:23
133,24.694091,118.151199,2011-01-30 17:23:24
133,24.694198,118.151165,2011-01-30 17:23:25
133,24.694307,118.151137,2011-01-30 17:23:26
133,24.694411,118.151115,2011-01-30 17:23:27
133,24.694509,118.151094,2011-01-30 17:23:28
133,24.694676,118.151059,2011-01-30 17:23:30
133,24.694813,118.151019,2011-01-30 17:23:32
133,24.694953,118.150972,2011-01-30 17:23:34
133,24.695038,118.150938,2011-01-30 17:23:35
133,24.695123,118.150903,2011-01-30 17:23:36
133,24.695264,118.150859,2011-01-30 17:23:38
133,24.695384,118.150834,2011-01-30 17:23:40
133,24.695493,118.150809,2011-01-30 17:23:42
133,24.695596,118.150779,2011-01-30 17:23:44
133,24.695724,118.150753,2011-01-30 17:23:46
133,24.695885,118.150726,2011-01-30 17:23:48
133,24.695977,118.150712,2011-01-30 17:23:49
133,24.696074,118.150687,2011-01-30 17:23:50
133,24.696185,118.150661,2011-01-30 17:23:51
133,24.696297,118.150631,2011-01-30 17:23:52
133,24.696415,118.150604,2011-01-30 17:23:53
133,24.696541,118.150575,2011-01-30 17:23:54
133,24.696673,118.150545,2011-01-30 17:23:55
133,24.696814,118.15051,2011-01-30 17:23:56
133,24.696958,118.150476,2011-01-30 17:23:57
133,24.697105,118.150441,2011-01-30 17:23:58
133,24.697259,118.150412,2011-01-30 17:23:59
133,24.697415,118.150372,2011-01-30 17:24:00
133,24.697585,118.150319,2011-01-30 17:24:01
133,24.697745,118.150279,2011-01-30 17:24:02
133,24.697911,118.150242,2011-01-30 17:24:03
133,24.698072,118.1502,2011-01-30 17:24:04
133,24.698241,118.150156,2011-01-30 17:24:05
133,24.698395,118.150122,2011-01-30 17:24:06
133,24.698549,118.150089,2011-01-30 17:24:07
133,24.698691,118.150056,2011-01-30 17:24:08
133,24.698809,118.150025,2011-01-30 17:24:09
133,24.698913,118.150002,2011-01-30 17:24:10
133,24.699005,118.149982,2011-01-30 17:24:11
133,24.699174,118.149925,2011-01-30 17:24:13
133,24.699354,118.149878,2011-01-30 17:24:15
133,24.69945,118.149853,2011-01-30 17:24:16
133,24.699559,118.149832,2011-01-30 17:24:17
133,24.699682,118.149804,2011-01-30 17:24:18
133,24.699813,118.149777,2011-01-30 17:24:19
133,24.699944,118.149741,2011-01-30 17:24:20
133,24.70008,118.149705,2011-01-30 17:24:21
133,24.700217,118.149668,2011-01-30 17:24:22
133,24.700358,118.149637,2011-01-30 17:24:23
133,24.7005,118.149606,2011-01-30 17:24:24
133,24.700646,118.149572,2011-01-30 17:24:25
133,24.700806,118.149538,2011-01-30 17:24:26
133,24.700961,118.149505,2011-01-30 17:24:27
133,24.701113,118.149467,2011-01-30 17:24:28
133,24.701262,118.14943,2011-01-30 17:24:29
133,24.701407,118.14939,2011-01-30 17:24:30
133,24.70155,118.149354,2011-01-30 17:24:31
133,24.701682,118.149323,2011-01-30 17:24:32
133,24.701794,118.149292,2011-01-30 17:24:33
133,24.701888,118.149258,2011-01-30 17:24:34
133,24.701988,118.149254,2011-01-30 17:24:35
133,24.70208,118.149248,2011-01-30 17:24:36
133,24.702172,118.149227,2011-01-30 17:24:37
133,24.702261,118.149201,2011-01-30 17:24:38
133,24.702438,118.149152,2011-01-30 17:24:40
133,24.702529,118.149136,2011-01-30 17:24:41
133,24.702626,118.149114,2011-01-30 17:24:42
133,24.702723,118.149084,2011-01-30 17:24:43
133,24.702816,118.149051,2011-01-30 17:24:44
133,24.702922,118.149019,2011-01-30 17:24:45
133,24.703027,118.148991,2011-01-30 17:24:46
133,24.703131,118.148969,2011-01-30 17:24:47
133,24.703243,118.148947,2011-01-30 17:24:48
133,24.703349,118.148919,2011-01-30 17:24:49
133,24.70346,118.148888,2011-01-30 17:24:50
133,24.703561,118.148856,2011-01-30 17:24:51
133,24.703664,118.148832,2011-01-30 17:24:52
133,24.703765,118.148806,2011-01-30 17:24:53
133,24.703862,118.148779,2011-01-30 17:24:54
133,24.703958,118.148757,2011-01-30 17:24:55
133,24.704055,118.148738,2011-01-30 17:24:56
133,24.704152,118.148714,2011-01-30 17:24:57
133,24.704252,118.148689,2011-01-30 17:24:58
133,24.704357,118.148659,2011-01-30 17:24:59
133,24.704471,118.148629,2011-01-30 17:25:00
133,24.704591,118.148599,2011-01-30 17:25:01
133,24.704709,118.148565,2011-01-30 17:25:02
133,24.704822,118.148532,2011-01-30 17:25:03
133,24.704942,118.148499,2011-01-30 17:25:04
133,24.705061,118.148471,2011-01-30 17:25:05
133,24.705175,118.148443,2011-01-30 17:25:06
133,24.705284,118.148419,2011-01-30 17:25:07
133,24.705388,118.148399,2011-01-30 17:25:08
133,24.705491,118.148372,2011-01-30 17:25:09
133,24.705596,118.148346,2011-01-30 17:25:10
133,24.705698,118.148321,2011-01-30 17:25:11
133,24.705804,118.1483,2011-01-30 17:25:12
133,24.705901,118.148279,2011-01-30 17:25:13
133,24.706071,118.148239,2011-01-30 17:25:15
133,24.706214,118.148207,2011-01-30 17:25:17
133,24.706338,118.148178,2011-01-30 17:25:19
133,24.706448,118.148152,2011-01-30 17:25:21
133,24.706565,118.14813,2011-01-30 17:25:23
133,24.706695,118.148103,2011-01-30 17:25:25
133,24.706821,118.148065,2011-01-30 17:25:27
133,24.706961,118.148034,2011-01-30 17:25:29
133,24.707088,118.147995,2011-01-30 17:25:31
133,24.707196,118.14797,2011-01-30 17:25:33
133,24.707282,118.147948,2011-01-30 17:25:35
133,24.707373,118.14793,2011-01-30 17:25:37
133,24.70747,118.147912,2011-01-30 17:25:39
133,24.707566,118.147899,2011-01-30 17:25:41
133,24.707694,118.147873,2011-01-30 17:25:44
133,24.707796,118.14787,2011-01-30 17:25:46
133,24.70791,118.14786,2011-01-30 17:25:48
133,24.708042,118.147843,2011-01-30 17:25:50
133,24.708173,118.147837,2011-01-30 17:25:52
133,24.708286,118.147832,2011-01-30 17:25:54
133,24.708378,118.147827,2011-01-30 17:25:56
133,24.708505,118.14783,2011-01-30 17:25:59
133,24.708642,118.147825,2011-01-30 17:26:02
133,24.708752,118.147831,2011-01-30 17:26:04
133,24.708874,118.147846,2011-01-30 17:26:06
133,24.709018,118.147858,2011-01-30 17:26:08
133,24.709156,118.147864,2011-01-30 17:26:10
133,24.709291,118.14787,2011-01-30 17:26:12
133,24.709435,118.14788,2011-01-30 17:26:14
133,24.709581,118.147888,2011-01-30 17:26:16
133,24.709708,118.147896,2011-01-30 17:26:18
133,24.709814,118.147904,2011-01-30 17:26:20
133,24.70994,118.147921,2011-01-30 17:26:22
133,24.710072,118.147939,2011-01-30 17:26:24
133,24.710197,118.147953,2011-01-30 17:26:26
133,24.71033,118.147968,2011-01-30 17:26:28
133,24.710464,118.147982,2011-01-30 17:26:30
133,24.710591,118.147993,2011-01-30 17:26:32
133,24.710698,118.148006,2011-01-30 17:26:34
133,24.710806,118.148014,2011-01-30 17:26:36
133,24.710909,118.148015,2011-01-30 17:26:38
133,24.711025,118.148007,2011-01-30 17:26:40
133,24.711173,118.148037,2011-01-30 17:26:42
133,24.71134,118.148072,2011-01-30 17:26:44
133,24.711516,118.148107,2011-01-30 17:26:46
133,24.711609,118.148117,2011-01-30 17:26:47
133,24.711706,118.148125,2011-01-30 17:26:48
133,24.7118,118.14813,2011-01-30 17:26:49
133,24.7119,118.148138,2011-01-30 17:26:50
133,24.712004,118.148146,2011-01-30 17:26:51
133,24.712098,118.148155,2011-01-30 17:26:52
133,24.712192,118.148158,2011-01-30 17:26:53
133,24.712351,118.148164,2011-01-30 17:26:55
133,24.712467,118.148176,2011-01-30 17:26:57
133,24.712567,118.148178,2011-01-30 17:26:59
133,24.712695,118.148194,2011-01-30 17:27:02
133,24.71279,118.148207,2011-01-30 17:27:04
133,24.712885,118.148218,2011-01-30 17:27:06
133,24.713,118.148251,2011-01-30 17:27:10
133,24.713092,118.14829,2011-01-30 17:27:13
133,24.713185,118.148302,2011-01-30 17:27:17
133,24.713278,118.14833,2011-01-30 17:27:21
133,24.713397,118.148337,2011-01-30 17:27:25
133,24.713503,118.148324,2011-01-30 17:27:28
133,24.713606,118.148323,2011-01-30 17:27:31
133,24.713738,118.148339,2011-01-30 17:27:34
133,24.713833,118.148344,2011-01-30 17:27:36
133,24.713931,118.148354,2011-01-30 17:27:40
133,24.714042,118.148362,2011-01-30 17:27:44
133,24.714134,118.148382,2011-01-30 17:27:46
133,24.714237,118.14841,2011-01-30 17:27:48
133,24.714342,118.14842,2011-01-30 17:27:50
133,24.714451,118.148421,2011-01-30 17:27:52
133,24.714561,118.148431,2011-01-30 17:27:54
133,24.714662,118.148439,2011-01-30 17:27:56
133,24.71476,118.148443,2011-01-30 17:27:58
133,24.714855,118.148445,2011-01-30 17:28:00
133,24.714963,118.14845,2011-01-30 17:28:03
133,24.715053,118.148456,2011-01-30 17:28:07
133,24.715141,118.148468,2011-01-30 17:28:10
133,24.715245,118.148485,2011-01-30 17:28:13
133,24.715358,118.148454,2011-01-30 17:28:15
133,24.715479,118.148428,2011-01-30 17:28:17
133,24.715608,118.148384,2011-01-30 17:28:19
133,24.715751,118.148332,2011-01-30 17:28:21
133,24.715883,118.148294,2011-01-30 17:28:23
133,24.716014,118.148226,2011-01-30 17:28:25
133,24.716148,118.14816,2011-01-30 17:28:27
133,24.716272,118.148105,2011-01-30 17:28:29
133,24.716378,118.14805,2011-01-30 17:28:31
133,24.716495,118.148002,2011-01-30 17:28:33
133,24.716584,118.147966,2011-01-30 17:28:35
133,24.716677,118.14793,2011-01-30 17:28:37
133,24.716781,118.147872,2011-01-30 17:28:39
133,24.716902,118.147818,2011-01-30 17:28:42
133,24.716997,118.147753,2011-01-30 17:28:45
133,24.717083,118.147703,2011-01-30 17:28:49
133,24.717169,118.147661,2011-01-30 17:28:52
133,24.71729,118.147605,2011-01-30 17:28:55
133,24.717376,118.147585,2011-01-30 17:28:59
133,24.717419,118.147567,2011-01-30 17:29:04
133,24.71751,118.147606,2011-01-30 17:29:08
133,24.717579,118.147701,2011-01-30 17:29:11
133,24.717624,118.147811,2011-01-30 17:29:13
133,24.717668,118.147977,2011-01-30 17:29:15
133,24.717693,118.148073,2011-01-30 17:29:16
133,24.717721,118.148174,2011-01-30 17:29:17
133,24.717753,118.148284,2011-01-30 17:29:18
133,24.717789,118.1484,2011-01-30 17:29:19
133,24.717833,118.14852,2011-01-30 17:29:20
133,24.717866,118.148646,2011-01-30 17:29:21
133,24.717901,118.148777,2011-01-30 17:29:22
133,24.71794,118.148916,2011-01-30 17:29:23
133,24.717986,118.149053,2011-01-30 17:29:24
133,24.718026,118.149184,2011-01-30 17:29:25
133,24.718063,118.14932,2011-01-30 17:29:26
133,24.718098,118.149454,2011-01-30 17:29:27
133,24.718132,118.149591,2011-01-30 17:29:28
133,24.718167,118.149722,2011-01-30 17:29:29
133,24.718207,118.149853,2011-01-30 17:29:30
133,24.718243,118.149986,2011-01-30 17:29:31
133,24.718279,118.150116,2011-01-30 17:29:32
133,24.718323,118.150233,2011-01-30 17:29:33
133,24.718359,118.15035,2011-01-30 17:29:34
133,24.718383,118.150458,2011-01-30 17:29:35
133,24.718411,118.150565,2011-01-30 17:29:36
133,24.718436,118.15066,2011-01-30 17:29:37
133,24.718494,118.150845,2011-01-30 17:29:39
133,24.718522,118.150941,2011-01-30 17:29:40
133,24.71855,118.151046,2011-01-30 17:29:41
133,24.718585,118.151162,2011-01-30 17:29:42
133,24.718619,118.15128,2011-01-30 17:29:43
133,24.718651,118.151399,2011-01-30 17:29:44
133,24.718693,118.151521,2011-01-30 17:29:45
133,24.718734,118.151644,2011-01-30 17:29:46
133,24.718773,118.151767,2011-01-30 17:29:47
133,24.718813,118.151898,2011-01-30 17:29:48
133,24.718851,118.15203,2011-01-30 17:29:49
133,24.718895,118.152174,2011-01-30 17:29:50
133,24.718935,118.15232,2011-01-30 17:29:51
133,24.718972,118.152472,2011-01-30 17:29:52
133,24.719026,118.152639,2011-01-30 17:29:53
133,24.719078,118.152812,2011-01-30 17:29:54
133,24.719125,118.152982,2011-01-30 17:29:55
133,24.719177,118.153154,2011-01-30 17:29:56
133,24.719231,118.153328,2011-01-30 17:29:57
133,24.719281,118.153507,2011-01-30 17:29:58
133,24.719331,118.153684,2011-01-30 17:29:59
133,24.719388,118.153867,2011-01-30 17:30:00
133,24.719441,118.154053,2011-01-30 17:30:01
133,24.719493,118.154238,2011-01-30 17:30:02
133,24.719545,118.154426,2011-01-30 17:30:03
133,24.719603,118.154617,2011-01-30 17:30:04
133,24.719654,118.15481,2011-01-30 17:30:05
133,24.719708,118.155003,2011-01-30 17:30:06
133,24.719762,118.155195,2011-01-30 17:30:07
133,24.71982,118.155388,2011-01-30 17:30:08
133,24.719875,118.155578,2011-01-30 17:30:09
133,24.719931,118.155774,2011-01-30 17:30:10
133,24.719989,118.155968,2011-01-30 17:30:11
133,24.720043,118.156164,2011-01-30 17:30:12
133,24.7201,118.156357,2011-01-30 17:30:13
133,24.72015,118.156544,2011-01-30 17:30:14
133,24.720201,118.156723,2011-01-30 17:30:15
133,24.72025,118.156899,2011-01-30 17:30:16
133,24.720299,118.15707,2011-01-30 17:30:17
133,24.720347,118.157237,2011-01-30 17:30:18
133,24.720392,118.157396,2011-01-30 17:30:19
133,24.720438,118.157556,2011-01-30 17:30:20
133,24.720483,118.157713,2011-01-30 17:30:21
133,24.720524,118.157863,2011-01-30 17:30:22
133,24.720563,118.158013,2011-01-30 17:30:23
133,24.720601,118.15816,2011-01-30 17:30:24
133,24.720644,118.158304,2011-01-30 17:30:25
133,24.720682,118.158444,2011-01-30 17:30:26
133,24.720717,118.158574,2011-01-30 17:30:27
133,24.720754,118.1587,2011-01-30 17:30:28
133,24.72079,118.158828,2011-01-30 17:30:29
133,24.720827,118.158953,2011-01-30 17:30:30
133,24.720864,118.159073,2011-01-30 17:30:31
133,24.720894,118.159188,2011-01-30 17:30:32
133,24.720927,118.159303,2011-01-30 17:30:33
133,24.720958,118.15942,2011-01-30 17:30:34
133,24.72099,118.159534,2011-01-30 17:30:35
133,24.721026,118.159651,2011-01-30 17:30:36
133,24.721059,118.159764,2011-01-30 17:30:37
133,24.721092,118.159874,2011-01-30 17:30:38
133,24.721125,118.159985,2011-01-30 17:30:39
133,24.721147,118.160095,2011-01-30 17:30:40
133,24.721177,118.160203,2011-01-30 17:30:41
133,24.721208,118.160304,2011-01-30 17:30:42
133,24.721262,118.160475,2011-01-30 17:30:44
133,24.721313,118.160618,2011-01-30 17:30:46
133,24.721345,118.160727,2011-01-30 17:30:48
133,24.721387,118.160846,2011-01-30 17:30:51
133,24.721458,118.160936,2011-01-30 17:30:55
133,24.721541,118.161015,2011-01-30 17:30:59
133,24.721595,118.161081,2011-01-30 17:31:04
133,24.721673,118.16103,2011-01-30 17:31:09
133,24.721763,118.160938,2011-01-30 17:31:12
133,24.721861,118.160874,2011-01-30 17:31:14
133,24.721987,118.160825,2011-01-30 17:31:16
133,24.722133,118.160774,2011-01-30 17:31:18
133,24.72229,118.160726,2011-01-30 17:31:20
133,24.722446,118.160682,2011-01-30 17:31:22
133,24.722598,118.160657,2011-01-30 17:31:24
133,24.722752,118.160643,2011-01-30 17:31:26
133,24.722909,118.160645,2011-01-30 17:31:28
133,24.723057,118.160669,2011-01-30 17:31:30
133,24.723205,118.160689,2011-01-30 17:31:32
133,24.723354,118.160728,2011-01-30 17:31:34
133,24.723519,118.160772,2011-01-30 17:31:36
133,24.723666,118.160831,2011-01-30 17:31:38
133,24.723791,118.16087,2011-01-30 17:31:40
133,24.723894,118.160924,2011-01-30 17:31:44
133,24.724003,118.160956,2011-01-30 17:31:47
133,24.724107,118.161005,2011-01-30 17:31:50
133,24.724209,118.16105,2011-01-30 17:31:53
133,24.724344,118.161109,2011-01-30 17:31:56
133,24.724458,118.161164,2011-01-30 17:31:58
133,24.7246,118.161215,2011-01-30 17:32:00
133,24.724744,118.161276,2011-01-30 17:32:02
133,24.72488,118.161327,2011-01-30 17:32:04
133,24.724978,118.161382,2011-01-30 17:32:06
133,24.725083,118.161417,2011-01-30 17:32:09
133,24.725207,118.161472,2011-01-30 17:32:12
133,24.725302,118.161527,2011-01-30 17:32:16
133,24.725387,118.16156,2011-01-30 17:32:18
133,24.725498,118.16158,2011-01-30 17:32:20
133,24.72562,118.161602,2011-01-30 17:32:22
133,24.725729,118.161637,2011-01-30 17:32:24
133,24.725825,118.161681,2011-01-30 17:32:26
133,24.725915,118.161719,2011-01-30 17:32:28
133,24.726001,118.161757,2011-01-30 17:32:30
133,24.72611,118.16182,2011-01-30 17:32:32
133,24.726237,118.16188,2011-01-30 17:32:34
133,24.726356,118.161928,2011-01-30 17:32:36
133,24.726472,118.161972,2011-01-30 17:32:38
133,24.726596,118.162018,2011-01-30 17:32:40
133,24.726731,118.162073,2011-01-30 17:32:42
133,24.726869,118.162122,2011-01-30 17:32:44
133,24.726991,118.16217,2011-01-30 17:32:46
133,24.727098,118.162216,2011-01-30 17:32:48
133,24.727185,118.162251,2011-01-30 17:32:50
133,24.727275,118.162279,2011-01-30 17:32:53
133,24.727376,118.162303,2011-01-30 17:32:58
133,24.727418,118.16231,2011-01-30 17:33:03
133,24.727465,118.162291,2011-01-30 17:33:08
133,24.727558,118.162242,2011-01-30 17:33:13
133,24.727625,118.162118,2011-01-30 17:33:16
133,24.72766,118.161972,2011-01-30 17:33:18
133,24.727689,118.161779,2011-01-30 17:33:20
133,24.727708,118.16167,2011-01-30 17:33:21
133,24.72773,118.161557,2011-01-30 17:33:22
133,24.727753,118.16144,2011-01-30 17:33:23
133,24.727776,118.161313,2011-01-30 17:33:24
133,24.727801,118.161182,2011-01-30 17:33:25
133,24.727825,118.161045,2011-01-30 17:33:26
133,24.727849,118.160908,2011-01-30 17:33:27
133,24.727876,118.160772,2011-01-30 17:33:28
133,24.727903,118.160646,2011-01-30 17:33:29
133,24.727925,118.160526,2011-01-30 17:33:30
133,24.727943,118.16041,2011-01-30 17:33:31
133,24.727964,118.160297,2011-01-30 17:33:32
133,24.727986,118.160189,2011-01-30 17:33:33
133,24.728017,118.160082,2011-01-30 17:33:34
133,24.728041,118.159978,2011-01-30 17:33:35
133,24.728069,118.159877,2011-01-30 17:33:36
133,24.728098,118.159779,2011-01-30 17:33:37
133,24.728136,118.159684,2011-01-30 17:33:38
133,24.728181,118.159591,2011-01-30 17:33:39
133,24.728228,118.159496,2011-01-30 17:33:40
133,24.728281,118.159406,2011-01-30 17:33:41
133,24.72834,118.15932,2011-01-30 17:33:42
133,24.728402,118.159236,2011-01-30 17:33:43
133,24.728466,118.15915,2011-01-30 17:33:44
133,24.728533,118.159063,2011-01-30 17:33:45
133,24.728608,118.158976,2011-01-30 17:33:46
133,24.728683,118.158882,2011-01-30 17:33:47
133,24.728758,118.158786,2011-01-30 17:33:48
133,24.728833,118.158695,2011-01-30 17:33:49
133,24.728906,118.158605,2011-01-30 17:33:50
133,24.72898,118.158517,2011-01-30 17:33:51
133,24.729049,118.158424,2011-01-30 17:33:52
133,24.729122,118.158331,2011-01-30 17:33:53
133,24.7292,118.158244,2011-01-30 17:33:54
133,24.729278,118.158154,2011-01-30 17:33:55
133,24.729356,118.158061,2011-01-30 17:33:56
133,24.729428,118.157961,2011-01-30 17:33:57
133,24.72951,118.157865,2011-01-30 17:33:58
133,24.72959,118.157768,2011-01-30 17:33:59
133,24.729663,118.157671,2011-01-30 17:34:00
133,24.729735,118.157582,2011-01-30 17:34:01
133,24.729814,118.157493,2011-01-30 17:34:02
133,24.729894,118.157413,2011-01-30 17:34:03
133,24.729978,118.157336,2011-01-30 17:34:04
133,24.730066,118.157261,2011-01-30 17:34:05
133,24.730162,118.157197,2011-01-30 17:34:06
133,24.730258,118.157136,2011-01-30 17:34:07
133,24.730359,118.157087,2011-01-30 17:34:08
133,24.73046,118.157045,2011-01-30 17:34:09
133,24.730568,118.156999,2011-01-30 17:34:10
133,24.730681,118.156953,2011-01-30 17:34:11
133,24.730795,118.156912,2011-01-30 17:34:12
133,24.730904,118.156868,2011-01-30 17:34:13
133,24.731019,118.156823,2011-01-30 17:34:14
133,24.731132,118.15678,2011-01-30 17:34:15
133,24.731245,118.156734,2011-01-30 17:34:16
133,24.731353,118.156691,2011-01-30 17:34:17
133,24.73146,118.156646,2011-01-30 17:34:18
133,24.731569,118.156601,2011-01-30 17:34:19
133,24.731682,118.156556,2011-01-30 17:34:20
133,24.731794,118.156513,2011-01-30 17:34:21
133,24.731907,118.156471,2011-01-30 17:34:22
133,24.732023,118.156428,2011-01-30 17:34:23
133,24.732135,118.15639,2011-01-30 17:34:24
133,24.732245,118.156357,2011-01-30 17:34:25
133,24.732354,118.156334,2011-01-30 17:34:26
133,24.732459,118.156319,2011-01-30 17:34:27
133,24.732559,118.156311,2011-01-30 17:34:28
133,24.732656,118.15631,2011-01-30 17:34:29
133,24.732752,118.156317,2011-01-30 17:34:30
133,24.732843,118.156328,2011-01-30 17:34:31
133,24.733013,118.156349,2011-01-30 17:34:33
133,24.733173,118.156352,2011-01-30 17:34:35
133,24.733334,118.156331,2011-01-30 17:34:37
133,24.733495,118.156285,2011-01-30 17:34:39
133,24.733638,118.156233,2011-01-30 17:34:41
133,24.733777,118.156153,2011-01-30 17:34:43
133,24.733914,118.156054,2011-01-30 17:34:45
133,24.734039,118.155949,2011-01-30 17:34:47
133,24.73416,118.155839,2011-01-30 17:34:49
133,24.734259,118.155733,2011-01-30 17:34:51
133,24.734329,118.155662,2011-01-30 17:34:53
133,24.734386,118.155557,2011-01-30 17:34:57
133,24.734456,118.155438,2011-01-30 17:35:01
133,24.734506,118.15532,2011-01-30 17:35:03
133,24.734567,118.155158,2011-01-30 17:35:05
133,24.734639,118.154978,2011-01-30 17:35:07
133,24.734729,118.154809,2011-01-30 17:35:09
133,24.734832,118.154658,2011-01-30 17:35:11
133,24.734939,118.154521,2011-01-30 17:35:13
133,24.735047,118.154382,2011-01-30 17:35:15
133,24.735163,118.154243,2011-01-30 17:35:17
133,24.735228,118.154174,2011-01-30 17:35:18
133,24.735297,118.154104,2011-01-30 17:35:19
133,24.735366,118.154032,2011-01-30 17:35:20
133,24.73544,118.153963,2011-01-30 17:35:21
133,24.735506,118.153896,2011-01-30 17:35:22
133,24.735605,118.153787,2011-01-30 17:35:24
133,24.735704,118.153698,2011-01-30 17:35:26
133,24.735804,118.153598,2011-01-30 17:35:28
133,24.735917,118.153473,2011-01-30 17:35:30
133,24.735979,118.1534,2011-01-30 17:35:31
133,24.736047,118.153327,2011-01-30 17:35:32
133,24.736122,118.153251,2011-01-30 17:35:33
133,24.736204,118.153174,2011-01-30 17:35:34
133,24.736289,118.153104,2011-01-30 17:35:35
133,24.736382,118.153042,2011-01-30 17:35:36
133,24.736477,118.152983,2011-01-30 17:35:37
133,24.736574,118.152929,2011-01-30 17:35:38
133,24.73668,118.152886,2011-01-30 17:35:39
133,24.73678,118.152843,2011-01-30 17:35:40
133,24.736879,118.152805,2011-01-30 17:35:41
133,24.736984,118.152768,2011-01-30 17:35:42
133,24.737096,118.15273,2011-01-30 17:35:43
133,24.737202,118.152679,2011-01-30 17:35:44
133,24.737315,118.152639,2011-01-30 17:35:45
133,24.737437,118.152595,2011-01-30 17:35:46
133,24.737548,118.152551,2011-01-30 17:35:47
133,24.737667,118.152509,2011-01-30 17:35:48
133,24.737784,118.152465,2011-01-30 17:35:49
133,24.737906,118.152432,2011-01-30 17:35:50
133,24.738026,118.152391,2011-01-30 17:35:51
133,24.738143,118.15235,2011-01-30 17:35:52
133,24.738243,118.1523,2011-01-30 17:35:53
133,24.738342,118.152259,2011-01-30 17:35:54
133,24.738432,118.152216,2011-01-30 17:35:55
133,24.738518,118.152166,2011-01-30 17:35:56
133,24.738602,118.152115,2011-01-30 17:35:57
133,24.738735,118.15201,2011-01-30 17:35:59
133,24.738851,118.151902,2011-01-30 17:36:01
133,24.738953,118.151785,2011-01-30 17:36:03
133,24.739038,118.151663,2011-01-30 17:36:05
133,24.739111,118.151549,2011-01-30 17:36:07
133,24.739163,118.151439,2011-01-30 17:36:09
133,24.739213,118.151333,2011-01-30 17:36:11
133,24.739241,118.151226,2011-01-30 17:36:13
133,24.739263,118.151112,2011-01-30 17:36:15
133,24.739276,118.150969,2011-01-30 17:36:17
133,24.739281,118.150804,2011-01-30 17:36:19
133,24.739289,118.150624,2011-01-30 17:36:21
133,24.739298,118.150435,2011-01-30 17:36:23
133,24.739307,118.150249,2011-01-30 17:36:25
133,24.739316,118.150067,2011-01-30 17:36:27
133,24.739324,118.149887,2011-01-30 17:36:29
133,24.739331,118.149716,2011-01-30 17:36:31
133,24.739339,118.149553,2011-01-30 17:36:33
133,24.73935,118.149398,2011-01-30 17:36:35
133,24.739345,118.149234,2011-01-30 17:36:37
133,24.739402,118.149076,2011-01-30 17:36:39
133,24.739411,118.14895,2011-01-30 17:36:41
133,24.739418,118.148808,2011-01-30 17:36:44
133,24.739435,118.148675,2011-01-30 17:36:47
133,24.739428,118.148553,2011-01-30 17:36:50
133,24.739439,118.148411,2011-01-30 17:36:53
133,24.739429,118.148309,2011-01-30 17:36:55
133,24.739414,118.148186,2011-01-30 17:36:57
133,24.739407,118.148046,2011-01-30 17:36:59
133,24.739386,118.147899,2011-01-30 17:37:01
133,24.739372,118.147754,2011-01-30 17:37:03
133,24.739348,118.147612,2011-01-30 17:37:05
133,24.739296,118.147477,2011-01-30 17:37:07
133,24.739227,118.147346,2011-01-30 17:37:09
133,24.739173,118.147213,2011-01-30 17:37:11
133,24.739127,118.147077,2011-01-30 17:37:13
133,24.739112,118.14691,2011-01-30 17:37:15
133,24.739072,118.146772,2011-01-30 17:37:17
133,24.739048,118.146646,2011-01-30 17:37:19
133,24.739005,118.146515,2011-01-30 17:37:21
133,24.73899,118.146362,2011-01-30 17:37:23
133,24.738934,118.146221,2011-01-30 17:37:25
133,24.73888,118.146074,2011-01-30 17:37:27
133,24.73884,118.145929,2011-01-30 17:37:29
133,24.73881,118.145776,2011-01-30 17:37:31
133,24.738786,118.145617,2011-01-30 17:37:33
133,24.738773,118.145454,2011-01-30 17:37:35
133,24.738759,118.145308,2011-01-30 17:37:37
133,24.738735,118.145176,2011-01-30 17:37:40
133,24.738726,118.145086,2011-01-30 17:37:45
133,24.738722,118.145088,2011-01-30 17:37:50
133,24.738723,118.145088,2011-01-30 17:37:55
133,24.738725,118.145091,2011-01-30 17:38:00
133,24.738725,118.145091,2011-01-30 17:38:03
133,24.738727,118.145094,2011-01-30 17:38:05
133,24.738735,118.145064,2011-01-30 17:38:10
133,24.738755,118.144966,2011-01-30 17:38:13
133,24.738754,118.144829,2011-01-30 17:38:16
133,24.73875,118.144722,2011-01-30 17:38:18
133,24.738751,118.144619,2011-01-30 17:38:20
133,24.738754,118.144471,2011-01-30 17:38:23
133,24.738732,118.144365,2011-01-30 17:38:25
133,24.738746,118.144247,2011-01-30 17:38:27
133,24.738771,118.144121,2011-01-30 17:38:29
133,24.738791,118.143986,2011-01-30 17:38:32
133,24.738802,118.143866,2011-01-30 17:38:36
133,24.738799,118.143753,2011-01-30 17:38:39
133,24.738794,118.143631,2011-01-30 17:38:41
133,24.738789,118.14349,2011-01-30 17:38:43
133,24.738774,118.143341,2011-01-30 17:38:45
133,24.738744,118.143207,2011-01-30 17:38:47
133,24.738703,118.143108,2011-01-30 17:38:49
133,24.738648,118.143021,2011-01-30 17:38:53
133,24.738626,118.143005,2011-01-30 17:38:58
133,24.738625,118.143004,2011-01-30 17:39:03
133,24.738624,118.143003,2011-01-30 17:39:08
133,24.738624,118.143003,2011-01-30 17:39:13
133,24.738623,118.143003,2011-01-30 17:39:18
133,24.738623,118.143003,2011-01-30 17:39:23
133,24.738623,118.143003,2011-01-30 17:39:28
133,24.738623,118.143003,2011-01-30 17:39:33
133,24.738622,118.143003,2011-01-30 17:39:38
133,24.738622,118.143003,2011-01-30 17:39:43
133,24.738621,118.143003,2011-01-30 17:39:48
133,24.73862,118.143004,2011-01-30 17:39:53
133,24.738619,118.143004,2011-01-30 17:39:58
133,24.738619,118.143005,2011-01-30 17:40:03
133,24.738618,118.143005,2011-01-30 17:40:08
133,24.738618,118.143005,2011-01-30 17:40:13
133,24.738617,118.143005,2011-01-30 17:40:18
133,24.738617,118.143005,2011-01-30 17:40:23
133,24.738617,118.143005,2011-01-30 17:40:26
133,24.73861,118.142998,2011-01-30 17:40:28
133,24.738536,118.14291,2011-01-30 17:40:31
133,24.738452,118.142807,2011-01-30 17:40:34
133,24.738393,118.142722,2011-01-30 17:40:36
133,24.738333,118.14264,2011-01-30 17:40:38
133,24.738267,118.142557,2011-01-30 17:40:40
133,24.738202,118.142468,2011-01-30 17:40:42
133,24.738141,118.142383,2011-01-30 17:40:44
133,24.738076,118.142299,2011-01-30 17:40:46
133,24.737989,118.142189,2011-01-30 17:40:49
133,24.737917,118.142082,2011-01-30 17:40:52
133,24.73784,118.141979,2011-01-30 17:40:55
133,24.737739,118.141864,2011-01-30 17:40:58
133,24.737646,118.141758,2011-01-30 17:41:00
133,24.737546,118.141649,2011-01-30 17:41:02
133,24.737449,118.141531,2011-01-30 17:41:04
133,24.737403,118.141443,2011-01-30 17:41:05
133,24.737321,118.14131,2011-01-30 17:41:07
133,24.737231,118.141175,2011-01-30 17:41:09
133,24.737126,118.141048,2011-01-30 17:41:11
133,24.737044,118.14093,2011-01-30 17:41:13
133,24.736979,118.140823,2011-01-30 17:41:15
133,24.736899,118.140713,2011-01-30 17:41:18
133,24.736829,118.14062,2011-01-30 17:41:21
133,24.736774,118.140539,2011-01-30 17:41:24
133,24.736705,118.140474,2011-01-30 17:41:28
133,24.736674,118.140375,2011-01-30 17:41:30
133,24.736609,118.140318,2011-01-30 17:41:33
133,24.736556,118.140252,2011-01-30 17:41:37
133,24.736507,118.140205,2011-01-30 17:41:42
133,24.736533,118.140142,2011-01-30 17:41:47
133,24.736601,118.140096,2011-01-30 17:41:52
133,24.736658,118.140082,2011-01-30 17:41:57
133,24.736695,118.140065,2011-01-30 17:42:02
133,24.736439,118.140145,2011-01-30 17:47:48
133,24.736384,118.14015,2011-01-30 17:47:53
133,24.736321,118.140145,2011-01-30 17:47:58
133,24.736299,118.140145,2011-01-30 17:48:03
133,24.736309,118.140163,2011-01-30 17:48:08
133,24.736309,118.140163,2011-01-30 17:48:11
133,24.736313,118.14017,2011-01-30 17:48:13
133,24.736316,118.140199,2011-01-30 17:48:18
133,24.736315,118.140216,2011-01-30 17:48:23
133,24.736318,118.140221,2011-01-30 17:48:28
133,24.736319,118.140223,2011-01-30 17:48:33
133,24.736319,118.140223,2011-01-30 17:48:36
133,24.736323,118.140228,2011-01-30 17:48:38
133,24.736329,118.140237,2011-01-30 17:48:43
133,24.736329,118.140237,2011-01-30 17:48:46
133,24.736333,118.140241,2011-01-30 17:48:48
133,24.73634,118.140287,2011-01-30 17:48:53
133,24.736363,118.140327,2011-01-30 17:48:58
133,24.736389,118.140359,2011-01-30 17:49:03
133,24.73639,118.140374,2011-01-30 17:49:08
133,24.736383,118.140363,2011-01-30 17:49:13
133,24.736356,118.140344,2011-01-30 17:49:18
133,24.736353,118.140339,2011-01-30 17:49:23
133,24.736351,118.140336,2011-01-30 17:49:28
133,24.736347,118.140331,2011-01-30 17:49:33
133,24.736344,118.140326,2011-01-30 17:49:38
133,24.73634,118.140321,2011-01-30 17:49:43
133,24.736335,118.140314,2011-01-30 17:49:48
133,24.736335,118.140314,2011-01-30 17:49:51
133,24.736336,118.140315,2011-01-30 17:49:53
133,24.736342,118.140326,2011-01-30 17:49:58
133,24.736349,118.140364,2011-01-30 17:50:03
133,24.73639,118.140393,2011-01-30 17:50:08
133,24.736407,118.140423,2011-01-30 17:50:13
133,24.736386,118.140434,2011-01-30 17:50:18
133,24.736377,118.140435,2011-01-30 17:50:23
133,24.736374,118.14044,2011-01-30 17:50:28
133,24.736379,118.140444,2011-01-30 17:50:33
133,24.736379,118.140436,2011-01-30 17:50:38
133,24.736383,118.140442,2011-01-30 17:50:43
133,24.736387,118.140448,2011-01-30 17:50:48
133,24.73639,118.14045,2011-01-30 17:50:53
133,24.736393,118.140454,2011-01-30 17:50:58
133,24.736393,118.140454,2011-01-30 17:51:03
133,24.736396,118.140457,2011-01-30 17:51:08
133,24.736402,118.140464,2011-01-30 17:51:13
133,24.736407,118.14047,2011-01-30 17:51:18
133,24.736411,118.140475,2011-01-30 17:51:23
133,24.736409,118.140472,2011-01-30 17:51:28
133,24.736409,118.140472,2011-01-30 17:51:31
133,24.736404,118.140466,2011-01-30 17:51:33
133,24.736398,118.140456,2011-01-30 17:51:38
133,24.736395,118.140452,2011-01-30 17:51:43
133,24.736395,118.140449,2011-01-30 17:51:48
133,24.736395,118.140449,2011-01-30 17:51:51
133,24.736392,118.140441,2011-01-30 17:51:53
133,24.736387,118.140431,2011-01-30 17:51:58
133,24.736386,118.14038,2011-01-30 17:52:03
133,24.736402,118.140349,2011-01-30 17:52:08
133,24.736402,118.140349,2011-01-30 17:52:11
133,24.736406,118.140355,2011-01-30 17:52:13
133,24.736412,118.140364,2011-01-30 17:52:18
133,24.736414,118.140366,2011-01-30 17:52:23
133,24.736418,118.140372,2011-01-30 17:52:28
133,24.73642,118.140373,2011-01-30 17:52:33
133,24.736421,118.140371,2011-01-30 17:52:38
133,24.736421,118.140371,2011-01-30 17:52:41
133,24.736416,118.140364,2011-01-30 17:52:43
133,24.736423,118.140335,2011-01-30 17:52:48
133,24.736396,118.140269,2011-01-30 17:52:53
133,24.736331,118.140216,2011-01-30 17:52:58
133,24.736252,118.140134,2011-01-30 17:53:02
133,24.736177,118.140062,2011-01-30 17:53:05
133,24.736096,118.140002,2011-01-30 17:53:10
133,24.736054,118.139963,2011-01-30 17:53:15
133,24.736037,118.139946,2011-01-30 17:53:20
133,24.736144,118.140016,2011-01-30 17:53:25
133,24.736239,118.140082,2011-01-30 17:53:28
133,24.736242,118.140086,2011-01-30 17:53:33
133,24.736242,118.140086,2011-01-30 17:53:36
133,24.736246,118.140092,2011-01-30 17:53:38
133,24.73637,118.140355,2011-01-30 17:57:18
133,24.736356,118.140375,2011-01-30 17:57:23
133,24.736338,118.140359,2011-01-30 17:57:28
133,24.736329,118.140338,2011-01-30 17:57:33
133,24.736328,118.140303,2011-01-30 17:57:38
133,24.736324,118.140294,2011-01-30 17:57:43
133,24.736324,118.140294,2011-01-30 17:57:46
133,24.736325,118.140291,2011-01-30 17:57:48
133,24.736287,118.140245,2011-01-30 17:57:53
133,24.736219,118.140184,2011-01-30 17:57:58
133,24.736183,118.140138,2011-01-30 17:58:03
133,24.736192,118.14013,2011-01-30 17:58:08
133,24.736217,118.140149,2011-01-30 17:58:13
133,24.736238,118.140159,2011-01-30 17:58:18
133,24.736246,118.14016,2011-01-30 17:58:23
133,24.736246,118.14016,2011-01-30 17:58:26
133,24.736241,118.140168,2011-01-30 17:58:28
133,24.736252,118.140174,2011-01-30 17:58:33
133,24.736265,118.140183,2011-01-30 17:58:38
133,24.736278,118.140183,2011-01-30 17:58:43
133,24.736299,118.140196,2011-01-30 17:58:48
133,24.736306,118.140206,2011-01-30 17:58:53
133,24.736319,118.140223,2011-01-30 17:58:58
133,24.7363,118.140211,2011-01-30 17:59:03
133,24.736278,118.140191,2011-01-30 17:59:08
133,24.73627,118.140177,2011-01-30 17:59:13
133,24.73627,118.140177,2011-01-30 17:59:16
133,24.736267,118.140172,2011-01-30 17:59:18
133,24.736206,118.140095,2011-01-30 17:59:23
133,24.736166,118.140007,2011-01-30 17:59:28
133,24.736139,118.139978,2011-01-30 17:59:33
133,24.736139,118.139978,2011-01-30 17:59:36
133,24.736139,118.139981,2011-01-30 17:59:38
133,24.736138,118.139996,2011-01-30 17:59:43
133,24.736154,118.139981,2011-01-30 17:59:48
133,24.736181,118.139992,2011-01-30 17:59:53
133,24.736187,118.140039,2011-01-30 17:59:58
133,24.736181,118.140121,2011-01-30 18:00:03
133,24.736149,118.140135,2011-01-30 18:00:08
133,24.736138,118.140134,2011-01-30 18:00:13
133,24.736131,118.140126,2011-01-30 18:00:18
133,24.736132,118.140128,2011-01-30 18:00:23
133,24.736133,118.14013,2011-01-30 18:00:28
133,24.736134,118.140128,2011-01-30 18:00:33
133,24.736135,118.140127,2011-01-30 18:00:38
133,24.736138,118.140127,2011-01-30 18:00:43
133,24.736141,118.140129,2011-01-30 18:00:48
133,24.736147,118.140136,2011-01-30 18:00:53
133,24.736149,118.140139,2011-01-30 18:00:58
133,24.736149,118.140139,2011-01-30 18:01:01
133,24.736152,118.140142,2011-01-30 18:01:03
133,24.736199,118.140169,2011-01-30 18:01:08
133,24.736283,118.140207,2011-01-30 18:01:12
133,24.736351,118.140243,2011-01-30 18:01:17
133,24.736387,118.14027,2011-01-30 18:01:22
133,24.736403,118.140295,2011-01-30 18:01:27
133,24.736404,118.140298,2011-01-30 18:01:32
133,24.736404,118.140298,2011-01-30 18:01:35
133,24.736402,118.140296,2011-01-30 18:01:37
133,24.736373,118.140284,2011-01-30 18:01:42
133,24.736309,118.140278,2011-01-30 18:01:47
133,24.736269,118.140268,2011-01-30 18:01:52
133,24.736275,118.140255,2011-01-30 18:01:57
133,24.736275,118.140255,2011-01-30 18:02:00
133,24.736282,118.140259,2011-01-30 18:02:02
133,24.73631,118.140307,2011-01-30 18:02:07
133,24.73631,118.140323,2011-01-30 18:02:12
133,24.73631,118.140323,2011-01-30 18:02:15
133,24.736316,118.140331,2011-01-30 18:02:17
133,24.736308,118.140322,2011-01-30 18:02:22
133,24.736289,118.140312,2011-01-30 18:02:27
133,24.736285,118.140304,2011-01-30 18:02:32
133,24.736284,118.140299,2011-01-30 18:02:37
133,24.736288,118.140303,2011-01-30 18:02:42
133,24.73629,118.140304,2011-01-30 18:02:47
133,24.736287,118.140302,2011-01-30 18:02:52
133,24.736281,118.140295,2011-01-30 18:02:57
133,24.736281,118.140295,2011-01-30 18:03:00
133,24.736276,118.140291,2011-01-30 18:03:02
133,24.73625,118.140282,2011-01-30 18:03:07
133,24.736182,118.140294,2011-01-30 18:03:12
133,24.736158,118.140318,2011-01-30 18:03:17
133,24.736171,118.140319,2011-01-30 18:03:22
133,24.736168,118.140315,2011-01-30 18:03:27
133,24.736168,118.140315,2011-01-30 18:03:30
133,24.736166,118.140313,2011-01-30 18:03:32
133,24.73619,118.140296,2011-01-30 18:03:37
133,24.736249,118.140283,2011-01-30 18:03:42
133,24.736283,118.140283,2011-01-30 18:03:47
133,24.736308,118.140308,2011-01-30 18:03:52
133,24.736318,118.140307,2011-01-30 18:03:57
133,24.736114,118.140128,2011-01-30 18:04:07
133,24.736103,118.140097,2011-01-30 18:04:12
133,24.736127,118.140121,2011-01-30 18:04:17
133,24.736155,118.140132,2011-01-30 18:04:22
133,24.73617,118.140168,2011-01-30 18:04:27
133,24.73618,118.140215,2011-01-30 18:04:32
133,24.736176,118.140269,2011-01-30 18:04:37
133,24.736171,118.140341,2011-01-30 18:04:42
133,24.736171,118.140341,2011-01-30 18:04:45
133,24.736174,118.140345,2011-01-30 18:04:47
133,24.736171,118.14032,2011-01-30 18:04:52
133,24.736144,118.140204,2011-01-30 18:04:57
133,24.736124,118.140092,2011-01-30 18:05:01
133,24.736105,118.139986,2011-01-30 18:05:06
133,24.73609,118.139883,2011-01-30 18:05:08
133,24.736628,118.139977,2011-01-30 18:05:22
133,24.736637,118.13995,2011-01-30 18:05:27
133,24.736637,118.13995,2011-01-30 18:05:30
133,24.736639,118.139956,2011-01-30 18:05:32
133,24.736643,118.139968,2011-01-30 18:05:37
133,24.736646,118.13998,2011-01-30 18:05:42
133,24.736646,118.13998,2011-01-30 18:05:45
133,24.736651,118.139987,2011-01-30 18:05:47
133,24.736634,118.140018,2011-01-30 18:05:52
133,24.736539,118.140064,2011-01-30 18:05:55
133,24.73645,118.14009,2011-01-30 18:05:58
133,24.736449,118.140095,2011-01-30 18:06:03
133,24.736449,118.140095,2011-01-30 18:06:06
133,24.736445,118.140095,2011-01-30 18:06:08
133,24.736419,118.140138,2011-01-30 18:06:13
133,24.736345,118.140162,2011-01-30 18:06:18
133,24.736241,118.140277,2011-01-30 18:09:38
133,24.735555,118.140834,2011-01-30 18:09:42
133,24.735695,118.140641,2011-01-30 18:09:43
133,24.735808,118.140533,2011-01-30 18:09:44
133,24.735905,118.14043,2011-01-30 18:09:45
133,24.735979,118.140354,2011-01-30 18:09:46
133,24.736077,118.140229,2011-01-30 18:09:48
133,24.736077,118.140229,2011-01-30 18:09:51
133,24.736083,118.14023,2011-01-30 18:09:53
133,24.736135,118.140222,2011-01-30 18:09:58
133,24.736174,118.140241,2011-01-30 18:10:03
133,24.73618,118.140251,2011-01-30 18:10:08
133,24.7362,118.14028,2011-01-30 18:10:13
133,24.7362,118.14028,2011-01-30 18:10:16
133,24.736194,118.140284,2011-01-30 18:10:18
133,24.736184,118.140279,2011-01-30 18:10:23
133,24.736187,118.140281,2011-01-30 18:10:28
133,24.736187,118.140281,2011-01-30 18:10:31
133,24.736187,118.140281,2011-01-30 18:10:33
133,24.736181,118.140272,2011-01-30 18:10:38
133,24.736172,118.140248,2011-01-30 18:10:43
133,24.736134,118.14023,2011-01-30 18:10:48
133,24.736108,118.14022,2011-01-30 18:10:53
133,24.736093,118.140202,2011-01-30 18:10:58
133,24.736091,118.140196,2011-01-30 18:11:03
133,24.736094,118.140198,2011-01-30 18:11:08
133,24.736096,118.140198,2011-01-30 18:11:13
133,24.736096,118.140198,2011-01-30 18:11:16
133,24.736099,118.1402,2011-01-30 18:11:18
133,24.736171,118.140211,2011-01-30 18:11:23
133,24.736218,118.140214,2011-01-30 18:11:28
133,24.736231,118.140213,2011-01-30 18:11:33
133,24.736233,118.140214,2011-01-30 18:11:38
133,24.736233,118.140214,2011-01-30 18:11:41
133,24.73624,118.140221,2011-01-30 18:11:43
133,24.736265,118.140234,2011-01-30 18:11:48
133,24.736304,118.140249,2011-01-30 18:11:53
133,24.736307,118.140252,2011-01-30 18:11:58
133,24.736309,118.140254,2011-01-30 18:12:03
133,24.736309,118.140254,2011-01-30 18:12:06
133,24.736309,118.140255,2011-01-30 18:12:08
133,24.736312,118.140272,2011-01-30 18:12:13
133,24.736321,118.140316,2011-01-30 18:12:18
133,24.736335,118.140356,2011-01-30 18:12:23
133,24.736321,118.140374,2011-01-30 18:12:28
133,24.736322,118.140387,2011-01-30 18:12:33
133,24.736323,118.14039,2011-01-30 18:12:38
133,24.736323,118.14039,2011-01-30 18:12:41
133,24.73632,118.140387,2011-01-30 18:12:43
133,24.736308,118.140401,2011-01-30 18:12:48
133,24.736303,118.140394,2011-01-30 18:12:53
133,24.736298,118.140387,2011-01-30 18:12:58
133,24.736297,118.140384,2011-01-30 18:13:03
133,24.736294,118.140378,2011-01-30 18:13:08
133,24.736296,118.140378,2011-01-30 18:13:13
133,24.736296,118.140375,2011-01-30 18:13:18
133,24.736298,118.140376,2011-01-30 18:13:23
133,24.736296,118.140369,2011-01-30 18:13:28
133,24.736296,118.140369,2011-01-30 18:13:31
133,24.736297,118.140364,2011-01-30 18:13:33
133,24.736314,118.140345,2011-01-30 18:13:38
133,24.736365,118.140295,2011-01-30 18:13:43
133,24.736365,118.140295,2011-01-30 18:13:46
133,24.736364,118.140291,2011-01-30 18:13:48
133,24.736455,118.140248,2011-01-30 18:13:52
133,24.736519,118.140164,2011-01-30 18:13:55
133,24.736343,118.140357,2011-01-30 18:26:13
133,24.736322,118.140371,2011-01-30 18:26:18
133,24.736326,118.140377,2011-01-30 18:26:23
133,24.736325,118.140376,2011-01-30 18:26:28
133,24.736322,118.140373,2011-01-30 18:26:33
133,24.736323,118.140376,2011-01-30 18:26:38
133,24.736323,118.140376,2011-01-30 18:26:41
133,24.73632,118.140373,2011-01-30 18:26:43
133,24.736289,118.140388,2011-01-30 18:26:48
133,24.736284,118.140382,2011-01-30 18:26:53
133,24.736281,118.140379,2011-01-30 18:26:58
133,24.736282,118.140381,2011-01-30 18:27:03
133,24.736288,118.140388,2011-01-30 18:27:08
133,24.736289,118.14039,2011-01-30 18:27:13
133,24.736289,118.14039,2011-01-30 18:27:16
133,24.736285,118.140384,2011-01-30 18:27:18
133,24.736278,118.140375,2011-01-30 18:27:23
133,24.736272,118.140366,2011-01-30 18:27:28
133,24.736269,118.140361,2011-01-30 18:27:33
133,24.736267,118.140358,2011-01-30 18:27:38
133,24.736264,118.140352,2011-01-30 18:27:43
133,24.73626,118.140345,2011-01-30 18:27:48
133,24.736261,118.140343,2011-01-30 18:27:53
133,24.736261,118.140339,2011-01-30 18:27:58
133,24.736263,118.140336,2011-01-30 18:28:03
133,24.736266,118.140333,2011-01-30 18:28:08
133,24.736269,118.140332,2011-01-30 18:28:13
133,24.736272,118.140329,2011-01-30 18:28:18
133,24.736276,118.140329,2011-01-30 18:28:23
133,24.736276,118.140329,2011-01-30 18:28:26
133,24.73628,118.140328,2011-01-30 18:28:28
133,24.736363,118.140249,2011-01-30 18:28:30
133,24.736414,118.140173,2011-01-30 18:28:35
133,24.736495,118.14012,2011-01-30 18:28:40
133,24.736543,118.140098,2011-01-30 18:28:45
133,24.736543,118.140097,2011-01-30 18:28:50
133,24.736541,118.140091,2011-01-30 18:28:55
133,24.736543,118.140091,2011-01-30 18:29:00
133,24.736543,118.140091,2011-01-30 18:29:03
133,24.736549,118.140099,2011-01-30 18:29:05
133,24.73656,118.140108,2011-01-30 18:29:10
133,24.736508,118.140221,2011-01-30 18:29:12
133,24.736477,118.140314,2011-01-30 18:29:17
133,24.73648,118.14032,2011-01-30 18:29:22
133,24.736481,118.140321,2011-01-30 18:29:27
133,24.736479,118.14032,2011-01-30 18:29:32
133,24.736479,118.14032,2011-01-30 18:29:35
133,24.736477,118.14032,2011-01-30 18:29:37
133,24.736431,118.140305,2011-01-30 18:29:42
133,24.736354,118.140322,2011-01-30 18:29:47
133,24.736288,118.140351,2011-01-30 18:29:52
133,24.736248,118.140373,2011-01-30 18:29:57
133,24.736248,118.140373,2011-01-30 18:30:00
133,24.736245,118.140365,2011-01-30 18:30:02
133,24.736265,118.140376,2011-01-30 18:30:07
133,24.736272,118.140385,2011-01-30 18:30:12
133,24.736276,118.140388,2011-01-30 18:30:17
133,24.736281,118.140395,2011-01-30 18:30:22
133,24.736277,118.140389,2011-01-30 18:30:27
133,24.736277,118.140386,2011-01-30 18:30:32
133,24.736274,118.140382,2011-01-30 18:30:37
133,24.736272,118.140377,2011-01-30 18:30:42
133,24.736274,118.140379,2011-01-30 18:30:47
133,24.73628,118.140385,2011-01-30 18:30:52
133,24.73628,118.140385,2011-01-30 18:30:55
133,24.736283,118.140387,2011-01-30 18:30:57
133,24.736351,118.140414,2011-01-30 18:31:02
133,24.736377,118.140438,2011-01-30 18:31:07
133,24.736379,118.140458,2011-01-30 18:31:12
133,24.736388,118.140464,2011-01-30 18:31:17
133,24.736393,118.140471,2011-01-30 18:31:22
133,24.736393,118.140471,2011-01-30 18:31:25
133,24.736393,118.14047,2011-01-30 18:31:27
133,24.736387,118.140461,2011-01-30 18:31:32
133,24.736396,118.140436,2011-01-30 18:31:37
133,24.736404,118.140395,2011-01-30 18:31:42
133,24.736442,118.140317,2011-01-30 18:31:47
133,24.736466,118.140301,2011-01-30 18:31:52
133,24.736467,118.140303,2011-01-30 18:31:57
133,24.736471,118.140307,2011-01-30 18:32:02
133,24.736472,118.14031,2011-01-30 18:32:07
133,24.736473,118.140313,2011-01-30 18:32:12
133,24.736473,118.140319,2011-01-30 18:32:17
133,24.736472,118.140322,2011-01-30 18:32:22
133,24.736474,118.140327,2011-01-30 18:32:27
133,24.736475,118.14033,2011-01-30 18:32:32
133,24.736473,118.140331,2011-01-30 18:32:37
133,24.736474,118.140334,2011-01-30 18:32:42
133,24.736477,118.140337,2011-01-30 18:32:47
133,24.736477,118.140338,2011-01-30 18:32:52
133,24.736475,118.140333,2011-01-30 18:32:57
133,24.736475,118.140332,2011-01-30 18:33:02
133,24.73648,118.140334,2011-01-30 18:33:07
133,24.73648,118.140334,2011-01-30 18:33:10
133,24.736481,118.140331,2011-01-30 18:33:12
133,24.736488,118.140315,2011-01-30 18:33:17
133,24.736538,118.140229,2011-01-30 18:33:21
133,24.736578,118.140132,2011-01-30 18:33:26
133,24.736596,118.140063,2011-01-30 18:33:31
133,24.736638,118.140036,2011-01-30 18:33:36
133,24.736654,118.140039,2011-01-30 18:33:41
133,24.736655,118.140038,2011-01-30 18:33:46
133,24.736655,118.140035,2011-01-30 18:33:51
133,24.736661,118.140037,2011-01-30 18:33:56
133,24.736662,118.140032,2011-01-30 18:34:01
133,24.736664,118.140032,2011-01-30 18:34:06
133,24.736664,118.140032,2011-01-30 18:34:09
133,24.736661,118.140025,2011-01-30 18:34:11
133,24.736668,118.139976,2011-01-30 18:34:16
133,24.736681,118.139926,2011-01-30 18:34:21
133,24.736699,118.139901,2011-01-30 18:34:26
133,24.736699,118.1399,2011-01-30 18:34:31
133,24.736702,118.139905,2011-01-30 18:34:36
133,24.736705,118.139908,2011-01-30 18:34:41
133,24.736709,118.139912,2011-01-30 18:34:46
133,24.736712,118.139916,2011-01-30 18:34:51
133,24.736712,118.139916,2011-01-30 18:34:54
133,24.736718,118.139921,2011-01-30 18:34:56
133,24.736725,118.13993,2011-01-30 18:35:01
133,24.736729,118.139933,2011-01-30 18:35:06
133,24.736729,118.139933,2011-01-30 18:35:09
133,24.73673,118.13993,2011-01-30 18:35:11
133,24.736735,118.139897,2011-01-30 18:35:16
133,24.736715,118.139873,2011-01-30 18:35:21
133,24.736695,118.139874,2011-01-30 18:35:26
133,24.736695,118.139874,2011-01-30 18:35:29
133,24.736697,118.139877,2011-01-30 18:35:31
133,24.73668,118.139873,2011-01-30 18:35:36
133,24.736644,118.139881,2011-01-30 18:35:41
133,24.736644,118.139881,2011-01-30 18:35:44
133,24.736646,118.139885,2011-01-30 18:35:46
133,24.736645,118.139896,2011-01-30 18:35:51
133,24.736645,118.139896,2011-01-30 18:35:54
133,24.736645,118.139904,2011-01-30 18:35:56
133,24.736593,118.140005,2011-01-30 18:36:00
133,24.736536,118.140112,2011-01-30 18:36:04
133,24.736493,118.14021,2011-01-30 18:36:09
133,24.736468,118.140286,2011-01-30 18:36:14
133,24.736454,118.140302,2011-01-30 18:36:19
133,24.736454,118.140305,2011-01-30 18:36:24
133,24.736456,118.140309,2011-01-30 18:36:29
133,24.736456,118.140312,2011-01-30 18:36:34
133,24.736458,118.140314,2011-01-30 18:36:39
133,24.736456,118.140312,2011-01-30 18:36:44
133,24.736456,118.140312,2011-01-30 18:36:47
133,24.736456,118.140308,2011-01-30 18:36:49
133,24.736451,118.140298,2011-01-30 18:36:54
133,24.736491,118.140257,2011-01-30 18:36:59
133,24.736487,118.140247,2011-01-30 18:37:04
133,24.736484,118.140244,2011-01-30 18:37:09
133,24.736488,118.140249,2011-01-30 18:37:14
133,24.736487,118.140247,2011-01-30 18:37:19
133,24.736482,118.140239,2011-01-30 18:37:24
133,24.736487,118.140245,2011-01-30 18:37:29
133,24.73649,118.140248,2011-01-30 18:37:34
133,24.736487,118.140245,2011-01-30 18:37:39
133,24.736492,118.140252,2011-01-30 18:37:44
133,24.736492,118.140252,2011-01-30 18:37:47
133,24.736493,118.140257,2011-01-30 18:37:49
133,24.736497,118.140267,2011-01-30 18:37:54
133,24.736497,118.140267,2011-01-30 18:37:57
133,24.736494,118.140266,2011-01-30 18:37:59
133,24.736456,118.140268,2011-01-30 18:38:04
133,24.736417,118.14027,2011-01-30 18:38:09
133,24.7364,118.140268,2011-01-30 18:38:14
133,24.736396,118.140266,2011-01-30 18:38:19
133,24.736389,118.14026,2011-01-30 18:38:24
133,24.736389,118.140258,2011-01-30 18:38:29
133,24.736389,118.140258,2011-01-30 18:38:32
133,24.73639,118.140259,2011-01-30 18:38:34
133,24.736386,118.14025,2011-01-30 18:38:39
133,24.736361,118.140273,2011-01-30 18:38:44
133,24.736482,118.140161,2011-01-30 18:54:01
133,24.736595,118.140075,2011-01-30 18:54:04
133,24.736674,118.140004,2011-01-30 18:54:06
133,24.736758,118.13995,2011-01-30 18:54:10
133,24.73684,118.139909,2011-01-30 18:54:14
133,24.736895,118.139897,2011-01-30 18:54:19
133,24.736935,118.139876,2011-01-30 18:54:24
133,24.73689,118.13991,2011-01-30 18:54:29
133,24.73687,118.139925,2011-01-30 18:54:34
133,24.736863,118.139912,2011-01-30 18:54:39
133,24.736863,118.139912,2011-01-30 18:54:42
133,24.736864,118.13991,2011-01-30 18:54:44
133,24.736849,118.139906,2011-01-30 18:54:49
133,24.736757,118.139973,2011-01-30 18:54:54
133,24.736684,118.140068,2011-01-30 18:54:58
133,24.736632,118.140113,2011-01-30 18:55:03
133,24.736638,118.140124,2011-01-30 18:55:08
133,24.736658,118.140099,2011-01-30 18:55:13
133,24.736659,118.140103,2011-01-30 18:55:18
133,24.736662,118.140106,2011-01-30 18:55:23
133,24.736665,118.140111,2011-01-30 18:55:28
133,24.736664,118.140111,2011-01-30 18:55:33
133,24.736667,118.140116,2011-01-30 18:55:38
133,24.736668,118.140117,2011-01-30 18:55:43
133,24.73667,118.140121,2011-01-30 18:55:48
133,24.736666,118.140118,2011-01-30 18:55:53
133,24.736662,118.140112,2011-01-30 18:55:58
133,24.736662,118.140112,2011-01-30 18:56:01
133,24.736664,118.140115,2011-01-30 18:56:03
133,24.736658,118.140126,2011-01-30 18:56:08
133,24.736615,118.140195,2011-01-30 18:56:13
133,24.736546,118.140295,2011-01-30 18:56:18
133,24.736537,118.140269,2011-01-30 18:56:23
133,24.736538,118.140269,2011-01-30 18:56:28
133,24.736538,118.140269,2011-01-30 18:56:31
133,24.736541,118.14027,2011-01-30 18:56:33
133,24.73655,118.140273,2011-01-30 18:56:38
133,24.736651,118.140191,2011-01-30 18:56:43
133,24.736709,118.140109,2011-01-30 18:56:47
133,24.736767,118.140019,2011-01-30 18:56:52
133,24.73686,118.139924,2011-01-30 18:56:57
133,24.736934,118.139808,2011-01-30 18:56:59
133,24.736962,118.139714,2011-01-30 18:57:01
133,24.737019,118.139601,2011-01-30 18:57:03
133,24.737071,118.139493,2011-01-30 18:57:05
133,24.737122,118.139398,2011-01-30 18:57:07
133,24.737171,118.13931,2011-01-30 18:57:09
133,24.737237,118.139212,2011-01-30 18:57:12
133,24.737253,118.139138,2011-01-30 18:57:17
133,24.737255,118.139103,2011-01-30 18:57:22
133,24.73725,118.139085,2011-01-30 18:57:27
133,24.737176,118.139161,2011-01-30 18:57:30
133,24.737089,118.139262,2011-01-30 18:57:33
133,24.737019,118.139334,2011-01-30 18:57:37
133,24.736956,118.13942,2011-01-30 18:57:42
133,24.736939,118.139433,2011-01-30 18:57:47
133,24.736939,118.139433,2011-01-30 18:57:50
133,24.73694,118.139439,2011-01-30 18:57:52
133,24.73691,118.139505,2011-01-30 18:57:57
133,24.73684,118.139589,2011-01-30 18:58:01
133,24.736808,118.139647,2011-01-30 18:58:06
133,24.736768,118.139696,2011-01-30 18:58:11
133,24.736752,118.139713,2011-01-30 18:58:16
133,24.736774,118.139708,2011-01-30 18:58:21
133,24.73682,118.139696,2011-01-30 18:58:26
133,24.736869,118.139694,2011-01-30 18:58:31
133,24.736851,118.139745,2011-01-30 18:58:36
133,24.736812,118.139785,2011-01-30 18:58:41
133,24.736749,118.139867,2011-01-30 18:58:45
133,24.736675,118.139943,2011-01-30 18:58:49
133,24.736622,118.13994,2011-01-30 18:58:54
133,24.736592,118.139968,2011-01-30 18:58:59
133,24.736546,118.140019,2011-01-30 18:59:04
133,24.736459,118.140111,2011-01-30 18:59:07
133,24.736433,118.140159,2011-01-30 18:59:12
133,24.736469,118.140113,2011-01-30 18:59:17
133,24.736497,118.140073,2011-01-30 18:59:22
133,24.736524,118.140045,2011-01-30 18:59:27
133,24.736572,118.139997,2011-01-30 18:59:32
133,24.736572,118.139997,2011-01-30 18:59:35
133,24.736575,118.139998,2011-01-30 18:59:37
133,24.736569,118.139981,2011-01-30 18:59:42
133,24.736576,118.13999,2011-01-30 18:59:47
133,24.736586,118.139988,2011-01-30 18:59:52
133,24.736588,118.139988,2011-01-30 18:59:57
133,24.736592,118.13999,2011-01-30 19:00:02
133,24.736596,118.139992,2011-01-30 19:00:07
133,24.736601,118.139996,2011-01-30 19:00:12
133,24.736601,118.139996,2011-01-30 19:00:15
133,24.736606,118.140003,2011-01-30 19:00:17
133,24.736613,118.140012,2011-01-30 19:00:22
133,24.736637,118.140015,2011-01-30 19:00:27
133,24.736665,118.139999,2011-01-30 19:00:32
133,24.73673,118.139956,2011-01-30 19:00:37
133,24.736806,118.139878,2011-01-30 19:00:42
133,24.736863,118.139794,2011-01-30 19:00:45
133,24.736895,118.139701,2011-01-30 19:00:49
133,24.736918,118.139642,2011-01-30 19:00:54
133,24.73698,118.139554,2011-01-30 19:00:58
133,24.737051,118.139485,2011-01-30 19:01:02
133,24.737103,118.139446,2011-01-30 19:01:07
133,24.737106,118.13946,2011-01-30 19:01:12
133,24.737091,118.139515,2011-01-30 19:01:17
133,24.737054,118.13958,2011-01-30 19:01:22
133,24.73699,118.139652,2011-01-30 19:01:26
133,24.736518,118.139838,2011-01-30 19:02:16
133,24.736325,118.140263,2011-01-30 19:02:19
133,24.736302,118.140307,2011-01-30 19:02:24
133,24.736304,118.140317,2011-01-30 19:02:29
133,24.736319,118.140333,2011-01-30 19:02:34
133,24.73632,118.140334,2011-01-30 19:02:39
133,24.736324,118.140336,2011-01-30 19:02:44
133,24.736324,118.140336,2011-01-30 19:02:47
133,24.736325,118.140333,2011-01-30 19:02:49
133,24.736407,118.140243,2011-01-30 19:02:54
133,24.736474,118.140157,2011-01-30 19:02:58
133,24.736528,118.140058,2011-01-30 19:03:03
133,24.736583,118.139978,2011-01-30 19:03:07
133,24.736637,118.139918,2011-01-30 19:03:12
133,24.736706,118.139851,2011-01-30 19:03:17
133,24.736769,118.139768,2011-01-30 19:03:21
133,24.736829,118.139729,2011-01-30 19:03:26
133,24.736851,118.13971,2011-01-30 19:03:31
133,24.736902,118.139663,2011-01-30 19:03:36
133,24.736966,118.139604,2011-01-30 19:03:41
133,24.737008,118.139549,2011-01-30 19:03:46
133,24.737026,118.139536,2011-01-30 19:03:51
133,24.737,118.139565,2011-01-30 19:03:56
133,24.736955,118.139628,2011-01-30 19:04:01
133,24.736905,118.13971,2011-01-30 19:04:05
133,24.736909,118.139719,2011-01-30 19:04:10
133,24.736913,118.13973,2011-01-30 19:04:15
133,24.736913,118.13973,2011-01-30 19:04:18
133,24.736909,118.139736,2011-01-30 19:04:20
133,24.736891,118.139746,2011-01-30 19:04:25
133,24.736817,118.139823,2011-01-30 19:04:26
133,24.736713,118.139905,2011-01-30 19:04:28
133,24.736627,118.139964,2011-01-30 19:04:30
133,24.736558,118.140031,2011-01-30 19:04:34
133,24.736566,118.140067,2011-01-30 19:04:39
133,24.736562,118.140082,2011-01-30 19:04:44
133,24.736562,118.140071,2011-01-30 19:04:49
133,24.736504,118.140141,2011-01-30 19:04:54
133,24.736499,118.140155,2011-01-30 19:04:59
133,24.7365,118.140157,2011-01-30 19:05:04
133,24.736505,118.140162,2011-01-30 19:05:09
133,24.736507,118.140165,2011-01-30 19:05:14
133,24.73651,118.140169,2011-01-30 19:05:19
133,24.736515,118.140176,2011-01-30 19:05:24
133,24.736517,118.140179,2011-01-30 19:05:29
133,24.736518,118.140179,2011-01-30 19:05:34
133,24.736518,118.140176,2011-01-30 19:05:39
133,24.736519,118.140175,2011-01-30 19:05:44
133,24.736519,118.140175,2011-01-30 19:05:47
133,24.736511,118.140167,2011-01-30 19:05:49
133,24.736493,118.140142,2011-01-30 19:05:54
133,24.736504,118.140079,2011-01-30 19:05:59
133,24.736526,118.140056,2011-01-30 19:06:04
133,24.736524,118.140053,2011-01-30 19:06:09
133,24.736526,118.140054,2011-01-30 19:06:14
133,24.73653,118.140057,2011-01-30 19:06:19
133,24.736534,118.140061,2011-01-30 19:06:24
133,24.73654,118.140069,2011-01-30 19:06:29
133,24.736537,118.140064,2011-01-30 19:06:34
133,24.736533,118.140058,2011-01-30 19:06:39
133,24.736533,118.140058,2011-01-30 19:06:42
133,24.736535,118.140058,2011-01-30 19:06:44
133,24.736573,118.140036,2011-01-30 19:06:49
133,24.736607,118.139986,2011-01-30 19:06:54
133,24.736602,118.139963,2011-01-30 19:06:59
133,24.736601,118.139958,2011-01-30 19:07:04
133,24.736598,118.139953,2011-01-30 19:07:09
133,24.736596,118.139952,2011-01-30 19:07:14
133,24.736595,118.13995,2011-01-30 19:07:19
133,24.736595,118.13995,2011-01-30 19:07:22
133,24.736597,118.139952,2011-01-30 19:07:24
133,24.736626,118.139948,2011-01-30 19:07:29
133,24.736644,118.13995,2011-01-30 19:07:34
133,24.736647,118.139952,2011-01-30 19:07:39
133,24.736649,118.139954,2011-01-30 19:07:44
133,24.736646,118.139948,2011-01-30 19:07:49
133,24.736645,118.139943,2011-01-30 19:07:54
133,24.73665,118.139944,2011-01-30 19:07:59
133,24.736652,118.13994,2011-01-30 19:08:04
133,24.736653,118.139937,2011-01-30 19:08:09
133,24.736654,118.139937,2011-01-30 19:08:14
133,24.736654,118.139937,2011-01-30 19:08:17
133,24.736654,118.139935,2011-01-30 19:08:19
133,24.736674,118.139946,2011-01-30 19:08:24
133,24.736681,118.139892,2011-01-30 19:08:29
133,24.736678,118.139859,2011-01-30 19:08:34
133,24.736704,118.139819,2011-01-30 19:08:39
133,24.736605,118.139903,2011-01-30 19:08:43
133,24.736576,118.139906,2011-01-30 19:08:48
133,24.736621,118.139892,2011-01-30 19:08:53
133,24.736621,118.139892,2011-01-30 19:08:56
133,24.736628,118.139898,2011-01-30 19:08:58
133,24.736635,118.139907,2011-01-30 19:09:03
133,24.736648,118.139928,2011-01-30 19:09:08
133,24.736674,118.139936,2011-01-30 19:09:13
133,24.736684,118.139935,2011-01-30 19:09:18
133,24.73669,118.139942,2011-01-30 19:09:23
133,24.736696,118.139949,2011-01-30 19:09:28
133,24.736696,118.139949,2011-01-30 19:09:31
133,24.736694,118.139943,2011-01-30 19:09:33
133,24.736719,118.139867,2011-01-30 19:09:38
133,24.736735,118.13981,2011-01-30 19:09:43
133,24.736755,118.139789,2011-01-30 19:09:48
133,24.736958,118.139818,2011-01-30 19:13:01
133,24.737027,118.139753,2011-01-30 19:13:05
133,24.737092,118.139691,2011-01-30 19:13:10
133,24.737163,118.139612,2011-01-30 19:13:15
133,24.737188,118.139555,2011-01-30 19:13:20
133,24.737233,118.139477,2011-01-30 19:13:25
133,24.737283,118.139388,2011-01-30 19:13:29
133,24.737365,118.139297,2011-01-30 19:13:34
133,24.737443,118.139196,2011-01-30 19:13:37
133,24.737513,118.139103,2011-01-30 19:13:40
133,24.737587,118.139034,2011-01-30 19:13:43
133,24.73765,118.138954,2011-01-30 19:13:47
133,24.73771,118.138891,2011-01-30 19:13:52
133,24.737773,118.138851,2011-01-30 19:13:57
133,24.737839,118.138824,2011-01-30 19:14:02
133,24.737883,118.13876,2011-01-30 19:14:07
133,24.737948,118.138677,2011-01-30 19:14:12
133,24.738026,118.138587,2011-01-30 19:14:17
133,24.738099,118.138496,2011-01-30 19:14:22
133,24.738171,118.138431,2011-01-30 19:14:25
133,24.738282,118.138341,2011-01-30 19:14:28
133,24.738129,118.138501,2011-01-30 19:14:29
133,24.738015,118.138621,2011-01-30 19:14:30
133,24.737873,118.138775,2011-01-30 19:14:32
133,24.737758,118.138899,2011-01-30 19:14:34
133,24.7377,118.138985,2011-01-30 19:14:38
133,24.737757,118.138915,2011-01-30 19:14:43
133,24.737808,118.138846,2011-01-30 19:14:48
133,24.737837,118.138795,2011-01-30 19:14:53
133,24.737711,118.13893,2011-01-30 19:14:55
133,24.737526,118.139136,2011-01-30 19:14:58
133,24.737383,118.139294,2011-01-30 19:15:00
133,24.7374,118.139321,2011-01-30 19:15:05
133,24.737482,118.13927,2011-01-30 19:15:10
133,24.737565,118.13921,2011-01-30 19:15:13
133,24.737668,118.139118,2011-01-30 19:15:16
133,24.73754,118.13925,2011-01-30 19:15:18
133,24.737619,118.139168,2011-01-30 19:15:21
133,24.737477,118.139321,2011-01-30 19:15:23
133,24.737553,118.139228,2011-01-30 19:15:27
133,24.737382,118.139391,2011-01-30 19:15:28
133,24.737272,118.139492,2011-01-30 19:15:29
133,24.737149,118.139598,2011-01-30 19:15:31
133,24.737069,118.139649,2011-01-30 19:15:34
133,24.737002,118.139684,2011-01-30 19:15:39
133,24.737002,118.139684,2011-01-30 19:15:42
133,24.736997,118.139682,2011-01-30 19:15:44
133,24.737001,118.139629,2011-01-30 19:15:49
133,24.736993,118.139606,2011-01-30 19:15:54
133,24.736989,118.139615,2011-01-30 19:15:59
133,24.737015,118.139609,2011-01-30 19:16:04
133,24.73702,118.139634,2011-01-30 19:16:09
133,24.73702,118.139648,2011-01-30 19:16:14
133,24.737015,118.139649,2011-01-30 19:16:19
133,24.737012,118.139653,2011-01-30 19:16:24
133,24.737012,118.139653,2011-01-30 19:16:27
133,24.737019,118.139645,2011-01-30 19:16:29
133,24.737007,118.139661,2011-01-30 19:16:34
133,24.737012,118.139638,2011-01-30 19:16:39
133,24.737052,118.139612,2011-01-30 19:16:44
133,24.737071,118.139581,2011-01-30 19:16:49
133,24.737018,118.139594,2011-01-30 19:16:54
133,24.736986,118.139594,2011-01-30 19:16:59
133,24.736985,118.139584,2011-01-30 19:17:04
133,24.736958,118.139661,2011-01-30 19:17:09
133,24.736968,118.139712,2011-01-30 19:17:14
133,24.736971,118.139865,2011-01-30 19:17:19
133,24.737053,118.139912,2011-01-30 19:17:24
133,24.737063,118.140032,2011-01-30 19:17:29
133,24.737105,118.140068,2011-01-30 19:17:34
133,24.737182,118.140016,2011-01-30 19:17:39
133,24.737243,118.139943,2011-01-30 19:17:44
133,24.737287,118.139878,2011-01-30 19:17:49
133,24.737287,118.139878,2011-01-30 19:17:52
133,24.737294,118.139873,2011-01-30 19:17:54
133,24.737293,118.139925,2011-01-30 19:17:59
133,24.73728,118.139967,2011-01-30 19:18:04
133,24.73728,118.139967,2011-01-30 19:18:07
133,24.737276,118.139967,2011-01-30 19:18:09
133,24.737285,118.139926,2011-01-30 19:18:14
133,24.737303,118.139847,2011-01-30 19:18:19
133,24.73729,118.139824,2011-01-30 19:18:24
133,24.737356,118.13972,2011-01-30 19:18:27
133,24.737415,118.139622,2011-01-30 19:18:30
133,24.737458,118.139536,2011-01-30 19:18:33
133,24.737481,118.139447,2011-01-30 19:18:38
133,24.737432,118.13943,2011-01-30 19:18:43
133,24.737411,118.139399,2011-01-30 19:18:48
133,24.737385,118.139388,2011-01-30 19:18:53
133,24.737352,118.139375,2011-01-30 19:18:58
133,24.737301,118.139384,2011-01-30 19:19:03
133,24.737193,118.139409,2011-01-30 19:19:08
133,24.737102,118.139437,2011-01-30 19:19:12
133,24.737034,118.139471,2011-01-30 19:19:17
133,24.73703,118.139512,2011-01-30 19:19:22
133,24.737055,118.139535,2011-01-30 19:19:27
133,24.737055,118.139582,2011-01-30 19:19:32
133,24.737059,118.1396,2011-01-30 19:19:37
133,24.737046,118.139619,2011-01-30 19:19:42
133,24.737041,118.139633,2011-01-30 19:19:47
133,24.736981,118.139707,2011-01-30 19:19:51
133,24.73692,118.139774,2011-01-30 19:19:56
133,24.736851,118.139822,2011-01-30 19:20:01
133,24.736778,118.139873,2011-01-30 19:20:06
133,24.736727,118.139905,2011-01-30 19:20:11
133,24.736704,118.139905,2011-01-30 19:20:16
133,24.7367,118.1399,2011-01-30 19:20:21
133,24.7367,118.1399,2011-01-30 19:20:24
133,24.736701,118.139902,2011-01-30 19:20:26
133,24.736714,118.139935,2011-01-30 19:20:31
133,24.736753,118.139946,2011-01-30 19:20:36
133,24.73678,118.139934,2011-01-30 19:20:41
133,24.736786,118.139888,2011-01-30 19:20:46
133,24.736794,118.139857,2011-01-30 19:20:51
133,24.736794,118.139857,2011-01-30 19:20:54
133,24.736802,118.139865,2011-01-30 19:20:56
133,24.736819,118.139861,2011-01-30 19:21:01
133,24.73684,118.139834,2011-01-30 19:21:06
133,24.736844,118.1398,2011-01-30 19:21:11
133,24.736844,118.1398,2011-01-30 19:21:14
133,24.736844,118.139794,2011-01-30 19:21:16
133,24.736861,118.139802,2011-01-30 19:21:21
133,24.736588,118.140198,2011-01-30 19:22:13
133,24.736645,118.140288,2011-01-30 19:22:17
133,24.736634,118.140336,2011-01-30 19:22:22
133,24.736649,118.140444,2011-01-30 19:22:27
133,24.737059,118.139772,2011-01-30 19:22:49
133,24.737023,118.139944,2011-01-30 19:22:51
133,24.737007,118.140045,2011-01-30 19:22:52
133,24.736993,118.140144,2011-01-30 19:22:53
133,24.736948,118.140292,2011-01-30 19:22:54
133,24.736914,118.140432,2011-01-30 19:22:55
133,24.736871,118.140596,2011-01-30 19:22:56
133,24.736835,118.140759,2011-01-30 19:22:57
133,24.736803,118.140918,2011-01-30 19:22:58
133,24.736747,118.141101,2011-01-30 19:22:59
133,24.736697,118.141277,2011-01-30 19:23:00
133,24.736648,118.141445,2011-01-30 19:23:01
133,24.736598,118.141618,2011-01-30 19:23:02
133,24.736557,118.141794,2011-01-30 19:23:03
133,24.736525,118.141962,2011-01-30 19:23:04
133,24.736492,118.142127,2011-01-30 19:23:05
133,24.736463,118.142296,2011-01-30 19:23:06
133,24.736423,118.142487,2011-01-30 19:23:07
133,24.736375,118.142674,2011-01-30 19:23:08
133,24.736337,118.142852,2011-01-30 19:23:09
133,24.736299,118.142992,2011-01-30 19:23:10
133,24.736261,118.143119,2011-01-30 19:23:11
133,24.736226,118.143235,2011-01-30 19:23:12
133,24.736192,118.143339,2011-01-30 19:23:13
133,24.736147,118.143447,2011-01-30 19:23:14
133,24.736251,118.140373,2011-01-30 19:24:42
133,24.736301,118.140415,2011-01-30 19:24:47
133,24.736369,118.140432,2011-01-30 19:24:52
133,24.736411,118.140482,2011-01-30 19:24:57
133,24.736422,118.14059,2011-01-30 19:25:01
133,24.736405,118.140679,2011-01-30 19:25:06
133,24.736376,118.140735,2011-01-30 19:25:11
133,24.736314,118.140727,2011-01-30 19:25:16
133,24.736253,118.140671,2011-01-30 19:25:21
133,24.736216,118.140619,2011-01-30 19:25:26
133,24.736206,118.140661,2011-01-30 19:25:31
133,24.736216,118.14071,2011-01-30 19:25:36
133,24.736229,118.140746,2011-01-30 19:25:41
133,24.736288,118.140844,2011-01-30 19:25:46
133,24.736354,118.140938,2011-01-30 19:25:50
133,24.736409,118.141041,2011-01-30 19:25:55
133,24.73644,118.141134,2011-01-30 19:26:00
133,24.736529,118.141112,2011-01-30 19:26:05
133,24.736624,118.141061,2011-01-30 19:26:09
133,24.736663,118.141041,2011-01-30 19:26:14
133,24.736618,118.141105,2011-01-30 19:26:19
133,24.736544,118.141164,2011-01-30 19:26:23
133,24.73645,118.141141,2011-01-30 19:26:25
133,24.736369,118.141132,2011-01-30 19:26:30
133,24.736291,118.141225,2011-01-30 19:26:32
133,24.736171,118.14126,2011-01-30 19:26:34
133,24.736095,118.141327,2011-01-30 19:26:36
133,24.736021,118.141389,2011-01-30 19:26:38
133,24.735938,118.141459,2011-01-30 19:26:40
133,24.735786,118.141462,2011-01-30 19:26:42
133,24.7406,118.135511,2011-01-30 19:38:34
133,24.736406,118.138935,2011-01-30 19:38:35
133,24.736403,118.139057,2011-01-30 19:38:36
133,24.736407,118.139206,2011-01-30 19:38:37
133,24.736432,118.139307,2011-01-30 19:38:38
133,24.736445,118.13942,2011-01-30 19:38:41
133,24.736434,118.139522,2011-01-30 19:38:44
133,24.736456,118.139668,2011-01-30 19:38:47
133,24.736473,118.139791,2011-01-30 19:38:49
133,24.736477,118.139915,2011-01-30 19:38:52
133,24.736483,118.140022,2011-01-30 19:38:56
133,24.736509,118.140138,2011-01-30 19:39:00
133,24.736543,118.140241,2011-01-30 19:39:02
133,24.73658,118.140368,2011-01-30 19:39:05
133,24.736622,118.140491,2011-01-30 19:39:08
133,24.736655,118.140589,2011-01-30 19:39:11
133,24.736693,118.140697,2011-01-30 19:39:16
133,24.736715,118.140766,2011-01-30 19:39:21
133,24.736656,118.140689,2011-01-30 19:39:26
133,24.736656,118.140689,2011-01-30 19:39:29
133,24.736659,118.140694,2011-01-30 19:39:31
133,24.736691,118.1408,2011-01-30 19:39:35
133,24.73672,118.140907,2011-01-30 19:39:38
133,24.73675,118.141025,2011-01-30 19:39:41
133,24.736761,118.141145,2011-01-30 19:39:45
133,24.736721,118.141083,2011-01-30 19:39:50
133,24.736664,118.140954,2011-01-30 19:39:52
133,24.736599,118.14082,2011-01-30 19:39:54
133,24.73652,118.140655,2011-01-30 19:39:56
133,24.736444,118.140502,2011-01-30 19:39:58
133,24.736374,118.140374,2011-01-30 19:40:00
133,24.736296,118.140223,2011-01-30 19:40:02
133,24.736198,118.140037,2011-01-30 19:40:04
133,24.73612,118.139893,2011-01-30 19:40:06
133,24.736058,118.139771,2011-01-30 19:40:08
133,24.735997,118.139651,2011-01-30 19:40:10
133,24.735548,118.141408,2011-01-30 19:42:34
133,24.735533,118.141393,2011-01-30 19:42:37
133,24.735843,118.14107,2011-01-30 19:42:38
133,24.736014,118.140887,2011-01-30 19:42:39
133,24.73657,118.13982,2011-01-30 19:42:42
133,24.7366,118.139953,2011-01-30 19:42:44
133,24.736569,118.140099,2011-01-30 19:42:46
133,24.736558,118.14021,2011-01-30 19:42:48
133,24.736511,118.140316,2011-01-30 19:42:52
133,24.736515,118.140459,2011-01-30 19:42:55
133,24.73654,118.140599,2011-01-30 19:42:57
133,24.735382,118.138147,2011-01-30 19:43:15
133,24.735433,118.138245,2011-01-30 19:43:18
133,24.735433,118.138245,2011-01-30 19:43:21
133,24.735434,118.138246,2011-01-30 19:43:23
133,24.735443,118.138259,2011-01-30 19:43:28
133,24.735447,118.138268,2011-01-30 19:43:33
133,24.735723,118.137718,2011-01-30 19:43:56
133,24.73588,118.137924,2011-01-30 19:43:57
133,24.735923,118.138051,2011-01-30 19:43:58
133,24.735973,118.138201,2011-01-30 19:44:00
133,24.735992,118.138366,2011-01-30 19:44:02
133,24.736014,118.13851,2011-01-30 19:44:04
133,24.736059,118.138663,2011-01-30 19:44:06
133,24.736127,118.138837,2011-01-30 19:44:08
133,24.736195,118.138999,2011-01-30 19:44:10
133,24.736254,118.139153,2011-01-30 19:44:12
133,24.736335,118.139299,2011-01-30 19:44:14
133,24.736419,118.139427,2011-01-30 19:44:16
133,24.736484,118.139527,2011-01-30 19:44:18
133,24.73654,118.139609,2011-01-30 19:44:20
133,24.736601,118.139702,2011-01-30 19:44:23
133,24.736658,118.139798,2011-01-30 19:44:28
133,24.736713,118.139898,2011-01-30 19:44:32
133,24.73672,118.139913,2011-01-30 19:44:37
133,24.73668,118.139865,2011-01-30 19:44:42
133,24.736603,118.139851,2011-01-30 19:44:47
133,24.736521,118.139807,2011-01-30 19:44:51
133,24.736464,118.139733,2011-01-30 19:44:55
133,24.736411,118.139621,2011-01-30 19:44:59
133,24.736372,118.139493,2011-01-30 19:45:03
133,24.736325,118.139389,2011-01-30 19:45:06
133,24.736267,118.139288,2011-01-30 19:45:08
133,24.736211,118.139199,2011-01-30 19:45:10
133,24.736126,118.139086,2011-01-30 19:45:13
133,24.736061,118.13901,2011-01-30 19:45:15
133,24.735986,118.138946,2011-01-30 19:45:18
133,24.736655,118.140195,2011-01-30 19:45:56
133,24.73656,118.140007,2011-01-30 19:45:57
133,24.736606,118.140038,2011-01-30 19:46:02
133,24.736691,118.140159,2011-01-30 19:46:04
133,24.736773,118.140301,2011-01-30 19:46:06
133,24.736822,118.140391,2011-01-30 19:46:07
133,24.736877,118.140519,2011-01-30 19:46:09
133,24.736924,118.140628,2011-01-30 19:46:11
133,24.736947,118.140731,2011-01-30 19:46:14
133,24.735963,118.13841,2011-01-30 19:47:24
133,24.736006,118.13855,2011-01-30 19:47:26
133,24.735994,118.138578,2011-01-30 19:47:31
133,24.735981,118.138566,2011-01-30 19:47:36
133,24.735985,118.13861,2011-01-30 19:47:41
133,24.735972,118.138698,2011-01-30 19:47:46
133,24.735913,118.138758,2011-01-30 19:47:51
133,24.735922,118.138892,2011-01-30 19:47:53
133,24.73594,118.138994,2011-01-30 19:47:54
133,24.735958,118.139098,2011-01-30 19:47:55
133,24.735935,118.139213,2011-01-30 19:47:58
133,24.735891,118.139306,2011-01-30 19:48:02
133,24.735904,118.139423,2011-01-30 19:48:05
133,24.735927,118.139522,2011-01-30 19:48:07
133,24.735971,118.139652,2011-01-30 19:48:10
133,24.736,118.139738,2011-01-30 19:48:15
133,24.736038,118.139781,2011-01-30 19:48:20
133,24.736046,118.139791,2011-01-30 19:48:25
133,24.735996,118.139697,2011-01-30 19:48:30
133,24.735942,118.139571,2011-01-30 19:48:33
133,24.735894,118.139469,2011-01-30 19:48:37
133,24.73586,118.139359,2011-01-30 19:48:41
133,24.73589,118.139261,2011-01-30 19:48:45
133,24.735982,118.139283,2011-01-30 19:48:48
133,24.736073,118.139329,2011-01-30 19:48:51
133,24.736078,118.139305,2011-01-30 19:48:56
133,24.736061,118.139232,2011-01-30 19:49:01
133,24.736144,118.139287,2011-01-30 19:49:05
133,24.736216,118.139407,2011-01-30 19:49:10
133,24.736264,118.139511,2011-01-30 19:49:13
133,24.736337,118.139596,2011-01-30 19:49:14
133,24.736345,118.139582,2011-01-30 19:49:19
133,24.736374,118.139594,2011-01-30 19:49:24
133,24.736456,118.139666,2011-01-30 19:49:28
133,24.736459,118.13969,2011-01-30 19:49:33
133,24.736404,118.139717,2011-01-30 19:49:38
133,24.736304,118.13967,2011-01-30 19:49:43
133,24.736213,118.13965,2011-01-30 19:49:47
133,24.736185,118.139776,2011-01-30 19:49:52
133,24.736218,118.139886,2011-01-30 19:49:53
133,24.73627,118.140052,2011-01-30 19:49:55
133,24.736315,118.140175,2011-01-30 19:49:57
133,24.73636,118.1403,2011-01-30 19:50:00
133,24.736388,118.140396,2011-01-30 19:50:04
133,24.736388,118.140396,2011-01-30 19:50:07
133,24.736389,118.140397,2011-01-30 19:50:09
133,24.736364,118.140356,2011-01-30 19:50:14
133,24.736344,118.140297,2011-01-30 19:50:19
133,24.736331,118.140208,2011-01-30 19:50:24
133,24.736306,118.140095,2011-01-30 19:50:29
133,24.736298,118.140014,2011-01-30 19:50:34
133,24.736268,118.139962,2011-01-30 19:50:39
133,24.736219,118.139909,2011-01-30 19:50:44
133,24.736206,118.139898,2011-01-30 19:50:49
133,24.736231,118.139946,2011-01-30 19:50:54
133,24.736276,118.140044,2011-01-30 19:50:59
133,24.736295,118.140046,2011-01-30 19:51:04
133,24.73621,118.139956,2011-01-30 19:51:08
133,24.73615,118.139878,2011-01-30 19:51:10
133,24.736089,118.139808,2011-01-30 19:51:12
133,24.736023,118.139727,2011-01-30 19:51:14
133,24.735948,118.139622,2011-01-30 19:51:16
133,24.73586,118.139493,2011-01-30 19:51:18
133,24.735783,118.139365,2011-01-30 19:51:20
133,24.736017,118.139293,2011-01-30 19:51:37
133,24.736072,118.139182,2011-01-30 19:51:40
133,24.736171,118.139222,2011-01-30 19:51:45
133,24.736276,118.139225,2011-01-30 19:51:48
133,24.736405,118.139188,2011-01-30 19:51:51
133,24.73648,118.139115,2011-01-30 19:51:54
133,24.736475,118.13907,2011-01-30 19:51:59
133,24.736568,118.13909,2011-01-30 19:52:04
133,24.73659,118.139187,2011-01-30 19:52:06
133,24.736651,118.139204,2011-01-30 19:52:11
133,24.736724,118.139297,2011-01-30 19:52:15
133,24.736815,118.139321,2011-01-30 19:52:18
133,24.736932,118.139344,2011-01-30 19:52:22
133,24.737023,118.139377,2011-01-30 19:52:25
133,24.737101,118.139433,2011-01-30 19:52:28
133,24.737184,118.139504,2011-01-30 19:52:31
133,24.737263,118.139588,2011-01-30 19:52:34
133,24.737292,118.139797,2011-01-30 19:52:37
133,24.737349,118.139902,2011-01-30 19:52:40
