user_id,latitude,longtitude,timestamp
035,39.974439,116.330857,2009-04-07 07:35:12
035,39.973379,116.33191,2009-04-07 07:35:17
035,39.973295,116.33193,2009-04-07 07:35:22
035,39.973236,116.332,2009-04-07 07:35:28
035,39.973224,116.332078,2009-04-07 07:35:33
035,39.973202,116.332096,2009-04-07 07:35:38
035,39.973183,116.332178,2009-04-07 07:35:43
035,39.973216,116.332163,2009-04-07 07:35:48
035,39.973282,116.332103,2009-04-07 07:35:53
035,39.973307,116.332107,2009-04-07 07:35:58
035,39.973352,116.332006,2009-04-07 07:36:03
035,39.973417,116.331909,2009-04-07 07:36:08
035,39.973532,116.331931,2009-04-07 07:36:13
035,39.973629,116.331949,2009-04-07 07:36:18
035,39.973724,116.331913,2009-04-07 07:36:23
035,39.973784,116.331848,2009-04-07 07:36:28
035,39.974111,116.331948,2009-04-07 07:36:33
035,39.97419,116.332008,2009-04-07 07:36:38
035,39.97419,116.332077,2009-04-07 07:36:43
035,39.974225,116.332088,2009-04-07 07:36:48
035,39.974251,116.332076,2009-04-07 07:36:53
035,39.974286,116.332078,2009-04-07 07:36:58
035,39.974329,116.33205,2009-04-07 07:37:03
035,39.974368,116.331929,2009-04-07 07:37:08
035,39.974403,116.331892,2009-04-07 07:37:13
035,39.974412,116.331847,2009-04-07 07:37:18
035,39.974422,116.331836,2009-04-07 07:37:23
035,39.974422,116.331836,2009-04-07 07:37:26
035,39.974415,116.331836,2009-04-07 07:37:28
035,39.974435,116.331811,2009-04-07 07:37:33
035,39.974453,116.331795,2009-04-07 07:37:38
035,39.974451,116.331795,2009-04-07 07:37:43
035,39.974452,116.331794,2009-04-07 07:37:48
035,39.974451,116.331794,2009-04-07 07:37:53
035,39.97445,116.331794,2009-04-07 07:37:58
035,39.974449,116.331794,2009-04-07 07:38:03
035,39.974449,116.331794,2009-04-07 07:38:08
035,39.974449,116.331794,2009-04-07 07:38:13
035,39.974448,116.331793,2009-04-07 07:38:18
035,39.974448,116.331793,2009-04-07 07:38:21
035,39.974449,116.331792,2009-04-07 07:38:23
035,39.974487,116.331788,2009-04-07 07:38:28
035,39.974596,116.331782,2009-04-07 07:38:33
035,39.974721,116.331787,2009-04-07 07:38:38
035,39.974837,116.331784,2009-04-07 07:38:43
035,39.974891,116.331776,2009-04-07 07:38:48
035,39.974903,116.3318,2009-04-07 07:38:53
035,39.974961,116.33178,2009-04-07 07:38:58
035,39.974991,116.331602,2009-04-07 07:39:03
035,39.974994,116.331323,2009-04-07 07:39:08
035,39.974991,116.331047,2009-04-07 07:39:13
035,39.974997,116.330759,2009-04-07 07:39:18
035,39.975037,116.330457,2009-04-07 07:39:23
035,39.975046,116.330163,2009-04-07 07:39:28
035,39.975022,116.329863,2009-04-07 07:39:33
035,39.975021,116.329567,2009-04-07 07:39:38
035,39.975002,116.329317,2009-04-07 07:39:43
035,39.974972,116.329147,2009-04-07 07:39:48
035,39.975006,116.329019,2009-04-07 07:39:53
035,39.975015,116.329004,2009-04-07 07:39:58
035,39.975015,116.329004,2009-04-07 07:40:01
035,39.975015,116.329005,2009-04-07 07:40:03
035,39.97514,116.328915,2009-04-07 07:40:08
035,39.975236,116.328619,2009-04-07 07:40:13
035,39.97528,116.328254,2009-04-07 07:40:18
035,39.975313,116.327919,2009-04-07 07:40:23
035,39.97544,116.327749,2009-04-07 07:40:28
035,39.975659,116.327715,2009-04-07 07:40:33
035,39.975868,116.327701,2009-04-07 07:40:38
035,39.976096,116.327661,2009-04-07 07:40:43
035,39.976271,116.327649,2009-04-07 07:40:48
035,39.976506,116.327627,2009-04-07 07:40:53
035,39.976722,116.327606,2009-04-07 07:40:58
035,39.976965,116.327599,2009-04-07 07:41:03
035,39.977233,116.327579,2009-04-07 07:41:08
035,39.977489,116.32755,2009-04-07 07:41:13
035,39.977711,116.327571,2009-04-07 07:41:18
035,39.977953,116.327561,2009-04-07 07:41:23
035,39.978239,116.327536,2009-04-07 07:41:28
035,39.978524,116.327512,2009-04-07 07:41:33
035,39.978774,116.327501,2009-04-07 07:41:38
035,39.978975,116.327515,2009-04-07 07:41:43
035,39.979099,116.32749,2009-04-07 07:41:48
035,39.979231,116.327472,2009-04-07 07:41:53
035,39.979398,116.327446,2009-04-07 07:41:58
035,39.979609,116.327434,2009-04-07 07:42:03
035,39.979792,116.327405,2009-04-07 07:42:08
035,39.979813,116.327229,2009-04-07 07:42:13
035,39.979792,116.326886,2009-04-07 07:42:18
035,39.97978,116.326468,2009-04-07 07:42:23
035,39.979739,116.326055,2009-04-07 07:42:28
035,39.979732,116.325651,2009-04-07 07:42:33
035,39.979728,116.325215,2009-04-07 07:42:38
035,39.979694,116.324799,2009-04-07 07:42:43
035,39.979676,116.324373,2009-04-07 07:42:48
035,39.979679,116.323966,2009-04-07 07:42:53
035,39.979657,116.323551,2009-04-07 07:42:58
035,39.97965,116.323183,2009-04-07 07:43:03
035,39.979647,116.322789,2009-04-07 07:43:08
035,39.979608,116.322417,2009-04-07 07:43:13
035,39.979614,116.321997,2009-04-07 07:43:18
035,39.979615,116.321665,2009-04-07 07:43:23
035,39.979676,116.321403,2009-04-07 07:43:28
035,39.979899,116.321314,2009-04-07 07:43:33
035,39.980133,116.321263,2009-04-07 07:43:38
035,39.980426,116.32124,2009-04-07 07:43:43
035,39.980721,116.321202,2009-04-07 07:43:48
035,39.981025,116.321172,2009-04-07 07:43:53
035,39.98134,116.321161,2009-04-07 07:43:58
035,39.981607,116.32113,2009-04-07 07:44:03
035,39.981749,116.321059,2009-04-07 07:44:08
035,39.98185,116.320735,2009-04-07 08:06:38
035,39.981851,116.320727,2009-04-07 08:06:43
035,39.981851,116.320726,2009-04-07 08:06:48
035,39.98185,116.320726,2009-04-07 08:06:53
035,39.98185,116.320728,2009-04-07 08:06:58
035,39.981849,116.320728,2009-04-07 08:07:03
035,39.981849,116.320726,2009-04-07 08:07:08
035,39.981848,116.32072,2009-04-07 08:07:13
035,39.981843,116.320714,2009-04-07 08:07:18
035,39.981839,116.320714,2009-04-07 08:07:23
035,39.981833,116.320721,2009-04-07 08:07:28
035,39.981827,116.320729,2009-04-07 08:07:33
035,39.981823,116.320733,2009-04-07 08:07:38
035,39.981819,116.320739,2009-04-07 08:07:43
035,39.981817,116.320746,2009-04-07 08:07:48
035,39.981815,116.320752,2009-04-07 08:07:53
035,39.981812,116.320758,2009-04-07 08:07:58
035,39.981809,116.320764,2009-04-07 08:08:03
035,39.981806,116.32077,2009-04-07 08:08:08
035,39.981802,116.320777,2009-04-07 08:08:13
035,39.981798,116.320782,2009-04-07 08:08:18
035,39.981795,116.320786,2009-04-07 08:08:23
035,39.981792,116.32079,2009-04-07 08:08:28
035,39.981788,116.320796,2009-04-07 08:08:33
035,39.981785,116.320803,2009-04-07 08:08:38
035,39.981783,116.320808,2009-04-07 08:08:43
035,39.98178,116.320814,2009-04-07 08:08:48
035,39.981778,116.320819,2009-04-07 08:08:53
035,39.981778,116.320819,2009-04-07 08:08:56
035,39.981776,116.320825,2009-04-07 08:08:58
035,39.981775,116.320835,2009-04-07 08:09:03
035,39.981772,116.320844,2009-04-07 08:09:08
035,39.981768,116.320856,2009-04-07 08:09:13
035,39.981765,116.320867,2009-04-07 08:09:18
035,39.981762,116.320875,2009-04-07 08:09:23
035,39.981762,116.320875,2009-04-07 08:09:26
035,39.981761,116.320882,2009-04-07 08:09:28
035,39.981759,116.320891,2009-04-07 08:09:33
035,39.981759,116.320891,2009-04-07 08:09:36
035,39.981758,116.320899,2009-04-07 08:09:38
035,39.981755,116.320908,2009-04-07 08:09:43
035,39.981752,116.320918,2009-04-07 08:09:48
035,39.981749,116.320929,2009-04-07 08:09:53
035,39.981746,116.320939,2009-04-07 08:09:58
035,39.981741,116.320949,2009-04-07 08:10:03
035,39.981737,116.32096,2009-04-07 08:10:08
035,39.981735,116.320972,2009-04-07 08:10:13
035,39.981732,116.320983,2009-04-07 08:10:18
035,39.981728,116.320993,2009-04-07 08:10:23
035,39.981725,116.321004,2009-04-07 08:10:28
035,39.981721,116.321014,2009-04-07 08:10:33
035,39.981718,116.321024,2009-04-07 08:10:38
035,39.981717,116.321034,2009-04-07 08:10:43
035,39.981717,116.321043,2009-04-07 08:10:48
035,39.981716,116.321052,2009-04-07 08:10:53
035,39.981717,116.321063,2009-04-07 08:10:58
035,39.981719,116.321075,2009-04-07 08:11:03
035,39.98172,116.321085,2009-04-07 08:11:08
035,39.981721,116.321094,2009-04-07 08:11:13
035,39.981724,116.321101,2009-04-07 08:11:18
035,39.981729,116.321108,2009-04-07 08:11:23
035,39.981732,116.321116,2009-04-07 08:11:28
035,39.981734,116.321122,2009-04-07 08:11:33
035,39.981736,116.321128,2009-04-07 08:11:38
035,39.98174,116.32113,2009-04-07 08:11:43
035,39.981743,116.32113,2009-04-07 08:11:48
035,39.981746,116.32113,2009-04-07 08:11:53
035,39.98175,116.32113,2009-04-07 08:11:58
035,39.981754,116.321129,2009-04-07 08:12:03
035,39.981757,116.321127,2009-04-07 08:12:08
035,39.98176,116.321124,2009-04-07 08:12:13
035,39.981764,116.321119,2009-04-07 08:12:18
035,39.981769,116.321113,2009-04-07 08:12:23
035,39.981774,116.321108,2009-04-07 08:12:28
035,39.981779,116.321103,2009-04-07 08:12:33
035,39.981784,116.321097,2009-04-07 08:12:38
035,39.981787,116.321091,2009-04-07 08:12:43
035,39.981791,116.321083,2009-04-07 08:12:48
035,39.981797,116.321076,2009-04-07 08:12:53
035,39.981801,116.32107,2009-04-07 08:12:58
035,39.981803,116.321063,2009-04-07 08:13:03
035,39.981805,116.321055,2009-04-07 08:13:08
035,39.981808,116.321048,2009-04-07 08:13:13
035,39.981812,116.321041,2009-04-07 08:13:18
035,39.981814,116.321034,2009-04-07 08:13:23
035,39.981816,116.321027,2009-04-07 08:13:28
035,39.981817,116.321019,2009-04-07 08:13:33
035,39.981816,116.321013,2009-04-07 08:13:38
035,39.981815,116.321008,2009-04-07 08:13:43
035,39.981814,116.321006,2009-04-07 08:13:48
035,39.981811,116.321006,2009-04-07 08:13:53
035,39.981808,116.321006,2009-04-07 08:13:58
035,39.981804,116.321008,2009-04-07 08:14:03
035,39.981801,116.321009,2009-04-07 08:14:08
035,39.981797,116.321011,2009-04-07 08:14:13
035,39.981794,116.321015,2009-04-07 08:14:18
035,39.981791,116.321019,2009-04-07 08:14:23
035,39.98179,116.321025,2009-04-07 08:14:28
035,39.981787,116.32103,2009-04-07 08:14:33
035,39.981785,116.321034,2009-04-07 08:14:38
035,39.981782,116.32104,2009-04-07 08:14:43
035,39.981779,116.321047,2009-04-07 08:14:48
035,39.981779,116.321047,2009-04-07 08:14:51
035,39.981776,116.321055,2009-04-07 08:14:53
035,39.981773,116.321065,2009-04-07 08:14:58
035,39.981771,116.321076,2009-04-07 08:15:03
035,39.981767,116.321087,2009-04-07 08:15:08
035,39.981764,116.321096,2009-04-07 08:15:13
035,39.981761,116.321106,2009-04-07 08:15:18
035,39.981761,116.321116,2009-04-07 08:15:23
035,39.981759,116.321124,2009-04-07 08:15:28
035,39.981759,116.321124,2009-04-07 08:15:31
035,39.981756,116.321132,2009-04-07 08:15:33
035,39.981753,116.321142,2009-04-07 08:15:38
035,39.981749,116.321156,2009-04-07 08:15:43
035,39.981743,116.321168,2009-04-07 08:15:48
035,39.981739,116.321179,2009-04-07 08:15:53
035,39.981736,116.321189,2009-04-07 08:15:58
035,39.981732,116.321196,2009-04-07 08:16:03
035,39.981732,116.321196,2009-04-07 08:16:06
035,39.981727,116.321203,2009-04-07 08:16:08
035,39.981723,116.321212,2009-04-07 08:16:13
035,39.98172,116.321224,2009-04-07 08:16:18
035,39.981716,116.321235,2009-04-07 08:16:23
035,39.981712,116.321246,2009-04-07 08:16:28
035,39.981709,116.321256,2009-04-07 08:16:33
035,39.981707,116.321266,2009-04-07 08:16:38
035,39.981704,116.321275,2009-04-07 08:16:43
035,39.981701,116.321283,2009-04-07 08:16:48
035,39.9817,116.321291,2009-04-07 08:16:53
035,39.9817,116.321298,2009-04-07 08:16:58
035,39.981699,116.321302,2009-04-07 08:17:03
035,39.981698,116.321308,2009-04-07 08:17:08
035,39.981699,116.321313,2009-04-07 08:17:13
035,39.981699,116.32132,2009-04-07 08:17:18
035,39.981697,116.321327,2009-04-07 08:17:23
035,39.981696,116.321334,2009-04-07 08:17:28
035,39.981696,116.321339,2009-04-07 08:17:33
035,39.981694,116.321341,2009-04-07 08:17:38
035,39.981692,116.32134,2009-04-07 08:17:43
035,39.98169,116.321339,2009-04-07 08:17:48
035,39.981691,116.32134,2009-04-07 08:17:53
035,39.981692,116.321342,2009-04-07 08:17:58
035,39.981691,116.321342,2009-04-07 08:18:03
035,39.981692,116.321342,2009-04-07 08:18:08
035,39.981692,116.321342,2009-04-07 08:18:13
035,39.981693,116.321342,2009-04-07 08:18:18
035,39.981693,116.321342,2009-04-07 08:18:23
035,39.981693,116.321342,2009-04-07 08:18:28
035,39.981694,116.321342,2009-04-07 08:18:33
035,39.981694,116.321342,2009-04-07 08:18:38
035,39.981694,116.321342,2009-04-07 08:18:43
035,39.981695,116.321343,2009-04-07 08:18:48
035,39.981695,116.321343,2009-04-07 08:18:53
035,39.981695,116.321343,2009-04-07 08:18:58
035,39.981695,116.321343,2009-04-07 08:19:03
035,39.981696,116.321342,2009-04-07 08:19:08
035,39.981696,116.321342,2009-04-07 08:19:13
035,39.981696,116.321342,2009-04-07 08:19:18
035,39.981696,116.321342,2009-04-07 08:19:23
035,39.981696,116.321342,2009-04-07 08:19:28
035,39.981696,116.321342,2009-04-07 08:19:33
035,39.981697,116.321341,2009-04-07 08:19:38
035,39.981697,116.321341,2009-04-07 08:19:43
035,39.981697,116.321341,2009-04-07 08:19:48
035,39.981697,116.321341,2009-04-07 08:19:53
035,39.981697,116.321341,2009-04-07 08:19:58
035,39.981697,116.321342,2009-04-07 08:20:03
035,39.981697,116.321343,2009-04-07 08:20:08
035,39.981698,116.321342,2009-04-07 08:20:13
035,39.981698,116.321342,2009-04-07 08:20:18
035,39.981698,116.321342,2009-04-07 08:20:23
035,39.981698,116.321342,2009-04-07 08:20:28
035,39.981699,116.321342,2009-04-07 08:20:33
035,39.981699,116.321342,2009-04-07 08:20:38
035,39.981699,116.321342,2009-04-07 08:20:43
035,39.9817,116.321343,2009-04-07 08:20:48
035,39.981702,116.321345,2009-04-07 08:20:53
035,39.981704,116.321346,2009-04-07 08:20:58
035,39.981704,116.321345,2009-04-07 08:21:03
035,39.981704,116.321345,2009-04-07 08:21:08
035,39.981705,116.321345,2009-04-07 08:21:13
035,39.981704,116.321343,2009-04-07 08:21:18
035,39.981704,116.32134,2009-04-07 08:21:23
035,39.981705,116.321339,2009-04-07 08:21:28
035,39.981705,116.321339,2009-04-07 08:21:33
035,39.981705,116.321338,2009-04-07 08:21:38
035,39.981705,116.321335,2009-04-07 08:21:43
035,39.981706,116.321332,2009-04-07 08:21:48
035,39.981706,116.321331,2009-04-07 08:21:53
035,39.981706,116.32133,2009-04-07 08:21:58
035,39.981706,116.32133,2009-04-07 08:22:03
035,39.981706,116.32133,2009-04-07 08:22:08
035,39.981707,116.321329,2009-04-07 08:22:13
035,39.981707,116.321329,2009-04-07 08:22:18
035,39.981706,116.321328,2009-04-07 08:22:23
035,39.981707,116.321328,2009-04-07 08:22:28
035,39.981707,116.321327,2009-04-07 08:22:33
035,39.981708,116.321326,2009-04-07 08:22:38
035,39.981708,116.321326,2009-04-07 08:22:43
035,39.981708,116.321325,2009-04-07 08:22:48
035,39.981708,116.321324,2009-04-07 08:22:53
035,39.981709,116.321324,2009-04-07 08:22:58
035,39.981709,116.321324,2009-04-07 08:23:03
035,39.981709,116.321324,2009-04-07 08:23:08
035,39.981709,116.321324,2009-04-07 08:23:13
035,39.981709,116.321323,2009-04-07 08:23:18
035,39.98171,116.321323,2009-04-07 08:23:23
035,39.98171,116.321322,2009-04-07 08:23:28
035,39.981711,116.321322,2009-04-07 08:23:33
035,39.981711,116.321322,2009-04-07 08:23:38
035,39.981711,116.321322,2009-04-07 08:23:43
035,39.981711,116.321322,2009-04-07 08:23:48
035,39.981712,116.321322,2009-04-07 08:23:53
035,39.981712,116.321322,2009-04-07 08:23:58
035,39.981712,116.321322,2009-04-07 08:24:03
035,39.981712,116.321321,2009-04-07 08:24:08
035,39.981713,116.321321,2009-04-07 08:24:13
035,39.981713,116.321322,2009-04-07 08:24:18
035,39.981713,116.321321,2009-04-07 08:24:23
035,39.981713,116.321321,2009-04-07 08:24:28
035,39.981713,116.321321,2009-04-07 08:24:33
035,39.981714,116.32132,2009-04-07 08:24:38
035,39.981714,116.32132,2009-04-07 08:24:43
035,39.981714,116.32132,2009-04-07 08:24:48
035,39.981715,116.32132,2009-04-07 08:24:53
035,39.981715,116.321319,2009-04-07 08:24:58
035,39.981715,116.321319,2009-04-07 08:25:03
035,39.981715,116.321319,2009-04-07 08:25:08
035,39.981715,116.321318,2009-04-07 08:25:13
035,39.981716,116.321318,2009-04-07 08:25:18
035,39.981716,116.321318,2009-04-07 08:25:23
035,39.981716,116.321318,2009-04-07 08:25:28
035,39.981717,116.321318,2009-04-07 08:25:33
035,39.981717,116.321319,2009-04-07 08:25:38
035,39.981717,116.321319,2009-04-07 08:25:43
035,39.981717,116.321318,2009-04-07 08:25:48
035,39.981717,116.321318,2009-04-07 08:25:53
035,39.981718,116.321317,2009-04-07 08:25:58
035,39.981718,116.321317,2009-04-07 08:26:03
035,39.981718,116.321317,2009-04-07 08:26:08
035,39.981719,116.321317,2009-04-07 08:26:13
035,39.981719,116.321316,2009-04-07 08:26:18
035,39.98172,116.321314,2009-04-07 08:26:23
035,39.981723,116.321307,2009-04-07 08:26:28
035,39.981724,116.321304,2009-04-07 08:26:33
035,39.981724,116.321304,2009-04-07 08:26:38
035,39.981725,116.321303,2009-04-07 08:26:43
035,39.981725,116.321303,2009-04-07 08:26:48
035,39.981725,116.321303,2009-04-07 08:26:53
035,39.981725,116.321303,2009-04-07 08:26:58
035,39.981726,116.321303,2009-04-07 08:27:03
035,39.981726,116.321302,2009-04-07 08:27:08
035,39.981727,116.321303,2009-04-07 08:27:13
035,39.981727,116.321305,2009-04-07 08:27:18
035,39.981729,116.321305,2009-04-07 08:27:23
035,39.981732,116.321304,2009-04-07 08:27:28
035,39.981732,116.321303,2009-04-07 08:27:33
035,39.981733,116.321302,2009-04-07 08:27:38
035,39.981733,116.3213,2009-04-07 08:27:43
035,39.981735,116.321299,2009-04-07 08:27:48
035,39.981737,116.321298,2009-04-07 08:27:53
035,39.981738,116.321296,2009-04-07 08:27:58
035,39.981739,116.321294,2009-04-07 08:28:03
035,39.981741,116.321291,2009-04-07 08:28:08
035,39.981743,116.321288,2009-04-07 08:28:13
035,39.981745,116.321284,2009-04-07 08:28:18
035,39.981747,116.32128,2009-04-07 08:28:23
035,39.981749,116.321276,2009-04-07 08:28:28
035,39.981751,116.321272,2009-04-07 08:28:33
035,39.981753,116.321268,2009-04-07 08:28:38
035,39.981754,116.321262,2009-04-07 08:28:43
035,39.981756,116.321256,2009-04-07 08:28:48
035,39.981758,116.321249,2009-04-07 08:28:53
035,39.981761,116.321243,2009-04-07 08:28:58
035,39.98185,116.321216,2009-04-07 11:01:28
035,39.982165,116.321228,2009-04-07 11:01:33
035,39.982489,116.321206,2009-04-07 11:01:38
035,39.982827,116.321185,2009-04-07 11:01:43
035,39.983158,116.321167,2009-04-07 11:01:48
035,39.983494,116.321145,2009-04-07 11:01:53
035,39.983783,116.32112,2009-04-07 11:01:58
035,39.984065,116.32113,2009-04-07 11:02:03
035,39.984251,116.321282,2009-04-07 11:02:08
035,39.984275,116.321695,2009-04-07 11:02:13
035,39.984279,116.322155,2009-04-07 11:02:18
035,39.984298,116.322616,2009-04-07 11:02:23
035,39.98432,116.323019,2009-04-07 11:02:28
035,39.984329,116.323336,2009-04-07 11:02:33
035,39.98432,116.323542,2009-04-07 11:02:38
035,39.9843,116.323708,2009-04-07 11:02:43
035,39.984292,116.323809,2009-04-07 11:02:48
035,39.984341,116.324001,2009-04-07 11:02:53
035,39.984373,116.324393,2009-04-07 11:02:58
035,39.984375,116.324812,2009-04-07 11:03:03
035,39.984364,116.325264,2009-04-07 11:03:08
035,39.984379,116.325699,2009-04-07 11:03:13
035,39.984388,116.326128,2009-04-07 11:03:18
035,39.984399,116.326537,2009-04-07 11:03:23
035,39.984455,116.326817,2009-04-07 11:03:28
035,39.984672,116.327022,2009-04-07 11:03:33
035,39.984968,116.327146,2009-04-07 11:03:38
035,39.98526,116.327163,2009-04-07 11:03:43
035,39.985545,116.32712,2009-04-07 11:03:48
035,39.985834,116.327109,2009-04-07 11:03:53
035,39.986143,116.327118,2009-04-07 11:03:58
035,39.986429,116.327116,2009-04-07 11:04:03
035,39.986707,116.327108,2009-04-07 11:04:08
035,39.986964,116.327095,2009-04-07 11:04:13
035,39.987229,116.327083,2009-04-07 11:04:18
035,39.987572,116.327045,2009-04-07 11:04:23
035,39.98794,116.327029,2009-04-07 11:04:28
035,39.988277,116.327007,2009-04-07 11:04:33
035,39.988562,116.327012,2009-04-07 11:04:38
035,39.988878,116.327005,2009-04-07 11:04:43
035,39.989201,116.326992,2009-04-07 11:04:48
035,39.989499,116.326971,2009-04-07 11:04:53
035,39.989808,116.326968,2009-04-07 11:04:58
035,39.990087,116.326953,2009-04-07 11:05:03
035,39.99021,116.327023,2009-04-07 11:05:08
035,39.990212,116.327178,2009-04-07 11:05:13
035,39.990204,116.327412,2009-04-07 11:05:18
035,39.990211,116.327787,2009-04-07 11:05:23
035,39.990244,116.328127,2009-04-07 11:05:28
035,39.990301,116.32833,2009-04-07 11:05:33
035,39.990498,116.328296,2009-04-07 11:05:38
035,39.990614,116.328292,2009-04-07 11:05:43
035,39.990642,116.328272,2009-04-07 11:05:48
035,39.990642,116.328272,2009-04-07 11:05:51
035,39.990643,116.328272,2009-04-07 11:05:53
035,39.990658,116.328271,2009-04-07 11:05:58
035,39.990658,116.328271,2009-04-07 11:06:01
035,39.990663,116.32827,2009-04-07 11:06:03
035,39.990673,116.32827,2009-04-07 11:06:08
035,39.99069,116.328314,2009-04-07 11:06:13
035,39.990718,116.328484,2009-04-07 11:06:18
035,39.990719,116.328681,2009-04-07 11:06:23
035,39.990782,116.328826,2009-04-07 11:06:28
035,39.990766,116.328941,2009-04-07 11:06:33
035,39.990712,116.329187,2009-04-07 11:06:38
035,39.990721,116.329391,2009-04-07 11:06:43
035,39.990698,116.329506,2009-04-07 11:06:48
035,39.990687,116.329782,2009-04-07 11:06:53
035,39.990687,116.329818,2009-04-07 11:06:58
035,39.990687,116.329818,2009-04-07 11:07:01
035,39.990686,116.329813,2009-04-07 11:07:03
035,39.990684,116.3298,2009-04-07 11:07:08
035,39.990681,116.329791,2009-04-07 11:07:13
035,39.990685,116.329813,2009-04-07 11:07:18
035,39.990689,116.329835,2009-04-07 11:07:23
035,39.990691,116.329849,2009-04-07 11:07:28
035,39.990692,116.329869,2009-04-07 11:07:33
035,39.990692,116.329891,2009-04-07 11:07:38
035,39.990694,116.329913,2009-04-07 11:07:43
035,39.990696,116.329932,2009-04-07 11:07:48
035,39.990697,116.329951,2009-04-07 11:07:53
035,39.990697,116.32997,2009-04-07 11:07:58
035,39.990697,116.329987,2009-04-07 11:08:03
035,39.990697,116.330002,2009-04-07 11:08:08
035,39.990696,116.330018,2009-04-07 11:08:13
035,39.990694,116.330035,2009-04-07 11:08:18
035,39.990692,116.330051,2009-04-07 11:08:23
035,39.99069,116.330061,2009-04-07 11:08:28
035,39.990687,116.330072,2009-04-07 11:08:33
035,39.990683,116.330078,2009-04-07 11:08:38
035,39.990683,116.330078,2009-04-07 11:08:41
035,39.990677,116.330082,2009-04-07 11:08:43
035,39.99067,116.330092,2009-04-07 11:08:48
035,39.990649,116.330092,2009-04-07 11:08:53
035,39.99063,116.330089,2009-04-07 11:08:58
035,39.990615,116.330085,2009-04-07 11:09:03
035,39.990602,116.330084,2009-04-07 11:09:08
035,39.990591,116.330086,2009-04-07 11:09:13
035,39.990591,116.330086,2009-04-07 11:09:16
035,39.990583,116.330093,2009-04-07 11:09:18
035,39.990575,116.330102,2009-04-07 11:09:23
035,39.990568,116.330114,2009-04-07 11:09:28
035,39.990563,116.330128,2009-04-07 11:09:33
035,39.990558,116.330139,2009-04-07 11:09:38
035,39.990552,116.330146,2009-04-07 11:09:43
035,39.990545,116.330149,2009-04-07 11:09:48
035,39.990545,116.330149,2009-04-07 11:09:51
035,39.990538,116.330145,2009-04-07 11:09:53
035,39.990529,116.330138,2009-04-07 11:09:58
035,39.990529,116.330138,2009-04-07 11:10:01
035,39.990524,116.330141,2009-04-07 11:10:03
035,39.990519,116.330151,2009-04-07 11:10:08
035,39.990514,116.330165,2009-04-07 11:10:13
035,39.990511,116.330188,2009-04-07 11:10:18
035,39.990508,116.330225,2009-04-07 11:10:23
035,39.990506,116.330253,2009-04-07 11:10:28
035,39.9905,116.330273,2009-04-07 11:10:33
035,39.990493,116.330284,2009-04-07 11:10:38
035,39.990488,116.330286,2009-04-07 11:10:43
035,39.990488,116.330286,2009-04-07 11:10:46
035,39.990482,116.330285,2009-04-07 11:10:48
035,39.990478,116.330296,2009-04-07 11:10:53
035,39.990472,116.330305,2009-04-07 11:10:58
035,39.990465,116.330305,2009-04-07 11:11:03
035,39.990458,116.330302,2009-04-07 11:11:08
035,39.990458,116.330302,2009-04-07 11:11:11
035,39.990451,116.330305,2009-04-07 11:11:13
035,39.990446,116.330317,2009-04-07 11:11:18
035,39.990433,116.33037,2009-04-07 11:11:23
035,39.990437,116.330347,2009-04-07 11:11:28
035,39.990437,116.330347,2009-04-07 11:11:31
035,39.990433,116.330341,2009-04-07 11:11:33
035,39.990428,116.330351,2009-04-07 11:11:38
035,39.990426,116.330367,2009-04-07 11:11:43
035,39.990423,116.330384,2009-04-07 11:11:48
035,39.99042,116.3304,2009-04-07 11:11:53
035,39.990416,116.330414,2009-04-07 11:11:58
035,39.990411,116.330423,2009-04-07 11:12:03
035,39.990411,116.330423,2009-04-07 11:12:06
035,39.990406,116.330428,2009-04-07 11:12:08
035,39.990402,116.33044,2009-04-07 11:12:13
035,39.990423,116.33051,2009-04-07 11:12:18
035,39.990432,116.330525,2009-04-07 11:12:23
035,39.990432,116.33053,2009-04-07 11:12:28
035,39.990432,116.33053,2009-04-07 11:12:31
035,39.990428,116.330527,2009-04-07 11:12:33
035,39.990421,116.330518,2009-04-07 11:12:38
035,39.990414,116.33051,2009-04-07 11:12:43
035,39.990407,116.330508,2009-04-07 11:12:48
035,39.990407,116.330508,2009-04-07 11:12:51
035,39.990401,116.330504,2009-04-07 11:12:53
035,39.990393,116.330495,2009-04-07 11:12:58
035,39.990364,116.330461,2009-04-07 11:13:03
035,39.990345,116.330451,2009-04-07 11:13:08
035,39.990329,116.330429,2009-04-07 11:13:13
035,39.990308,116.330402,2009-04-07 11:13:18
035,39.990264,116.330303,2009-04-07 11:13:23
035,39.990233,116.330261,2009-04-07 11:13:28
035,39.990225,116.330315,2009-04-07 11:13:33
035,39.99022,116.330334,2009-04-07 11:13:38
035,39.99022,116.330334,2009-04-07 11:13:41
035,39.990216,116.330341,2009-04-07 11:13:43
035,39.990211,116.330352,2009-04-07 11:13:48
035,39.990208,116.330363,2009-04-07 11:13:53
035,39.990205,116.330374,2009-04-07 11:13:58
035,39.990201,116.330384,2009-04-07 11:14:03
035,39.990199,116.330392,2009-04-07 11:14:08
035,39.990195,116.330396,2009-04-07 11:14:13
035,39.990195,116.330396,2009-04-07 11:14:16
035,39.990192,116.330403,2009-04-07 11:14:18
035,39.990191,116.330415,2009-04-07 11:14:23
035,39.990205,116.330503,2009-04-07 11:14:28
035,39.99021,116.330574,2009-04-07 11:14:33
035,39.990211,116.330613,2009-04-07 11:14:38
035,39.990204,116.330634,2009-04-07 11:14:43
035,39.990189,116.330664,2009-04-07 11:14:48
035,39.990181,116.330721,2009-04-07 11:14:53
035,39.990161,116.330712,2009-04-07 11:14:58
035,39.990152,116.330707,2009-04-07 11:15:03
035,39.990152,116.330707,2009-04-07 11:15:06
035,39.990149,116.330711,2009-04-07 11:15:08
035,39.990156,116.330756,2009-04-07 11:15:13
035,39.990184,116.330882,2009-04-07 11:15:18
035,39.990191,116.330943,2009-04-07 11:15:23
035,39.990193,116.330983,2009-04-07 11:15:28
035,39.990194,116.330991,2009-04-07 11:15:33
035,39.990193,116.330998,2009-04-07 11:15:38
035,39.990191,116.330997,2009-04-07 11:15:43
035,39.990189,116.330992,2009-04-07 11:15:48
035,39.990189,116.330988,2009-04-07 11:15:53
035,39.990189,116.330987,2009-04-07 11:15:58
035,39.990189,116.330985,2009-04-07 11:16:03
035,39.990189,116.330984,2009-04-07 11:16:08
035,39.990189,116.330983,2009-04-07 11:16:13
035,39.990189,116.330983,2009-04-07 11:16:18
035,39.990189,116.330982,2009-04-07 11:16:23
035,39.990189,116.330984,2009-04-07 11:16:28
035,39.990189,116.330986,2009-04-07 11:16:33
035,39.990189,116.330987,2009-04-07 11:16:38
035,39.99019,116.330987,2009-04-07 11:16:43
035,39.990191,116.330987,2009-04-07 11:16:48
035,39.990192,116.330986,2009-04-07 11:16:53
035,39.990193,116.330987,2009-04-07 11:16:58
035,39.990194,116.330984,2009-04-07 11:17:03
035,39.990195,116.330983,2009-04-07 11:17:08
035,39.990196,116.330982,2009-04-07 11:17:13
035,39.990197,116.33098,2009-04-07 11:17:18
035,39.9902,116.330977,2009-04-07 11:17:23
035,39.990204,116.330971,2009-04-07 11:17:28
035,39.990206,116.330967,2009-04-07 11:17:33
035,39.990207,116.330965,2009-04-07 11:17:38
035,39.990207,116.330963,2009-04-07 11:17:43
035,39.990208,116.330962,2009-04-07 11:17:48
035,39.990208,116.330961,2009-04-07 11:17:53
035,39.990209,116.33096,2009-04-07 11:17:58
035,39.990209,116.33096,2009-04-07 11:18:03
035,39.99021,116.330958,2009-04-07 11:18:08
035,39.990211,116.330956,2009-04-07 11:18:13
035,39.990212,116.330954,2009-04-07 11:18:18
035,39.990213,116.330953,2009-04-07 11:18:23
035,39.990214,116.330952,2009-04-07 11:18:28
035,39.990214,116.330951,2009-04-07 11:18:33
035,39.990214,116.33095,2009-04-07 11:18:38
035,39.990215,116.330948,2009-04-07 11:18:43
035,39.990215,116.330948,2009-04-07 11:18:48
035,39.990215,116.330947,2009-04-07 11:18:53
035,39.990215,116.330946,2009-04-07 11:18:58
035,39.990216,116.330947,2009-04-07 11:19:03
035,39.990216,116.330948,2009-04-07 11:19:08
035,39.990216,116.330948,2009-04-07 11:19:13
035,39.990217,116.330948,2009-04-07 11:19:18
035,39.990217,116.330947,2009-04-07 11:19:23
035,39.990217,116.330946,2009-04-07 11:19:28
035,39.990217,116.330946,2009-04-07 11:19:33
035,39.990217,116.330945,2009-04-07 11:19:38
035,39.990217,116.330945,2009-04-07 11:19:43
035,39.990218,116.330944,2009-04-07 11:19:48
035,39.990219,116.330943,2009-04-07 11:19:53
035,39.99022,116.330943,2009-04-07 11:19:58
035,39.99022,116.330942,2009-04-07 11:20:03
035,39.990221,116.330942,2009-04-07 11:20:08
035,39.990222,116.330942,2009-04-07 11:20:13
035,39.990222,116.330941,2009-04-07 11:20:18
035,39.990223,116.330939,2009-04-07 11:20:23
035,39.990223,116.330938,2009-04-07 11:20:28
035,39.990223,116.330937,2009-04-07 11:20:33
035,39.990223,116.330934,2009-04-07 11:20:38
035,39.990223,116.330931,2009-04-07 11:20:43
035,39.990223,116.330929,2009-04-07 11:20:48
035,39.990223,116.330927,2009-04-07 11:20:53
035,39.990222,116.330926,2009-04-07 11:20:58
035,39.990222,116.330925,2009-04-07 11:21:03
035,39.990222,116.330924,2009-04-07 11:21:08
035,39.990221,116.330922,2009-04-07 11:21:13
035,39.99022,116.330919,2009-04-07 11:21:18
035,39.990219,116.330916,2009-04-07 11:21:23
035,39.990219,116.330913,2009-04-07 11:21:28
035,39.990218,116.330912,2009-04-07 11:21:33
035,39.990218,116.330912,2009-04-07 11:21:38
035,39.990218,116.330913,2009-04-07 11:21:43
035,39.990219,116.330914,2009-04-07 11:21:48
035,39.990219,116.330914,2009-04-07 11:21:53
035,39.990219,116.330912,2009-04-07 11:21:58
035,39.99022,116.330912,2009-04-07 11:22:03
035,39.990221,116.330912,2009-04-07 11:22:08
035,39.990221,116.33091,2009-04-07 11:22:13
035,39.990222,116.330909,2009-04-07 11:22:18
035,39.990222,116.330908,2009-04-07 11:22:23
035,39.990222,116.330906,2009-04-07 11:22:28
035,39.990223,116.330904,2009-04-07 11:22:33
035,39.990223,116.330904,2009-04-07 11:22:36
035,39.990223,116.330898,2009-04-07 11:22:38
035,39.990219,116.330877,2009-04-07 11:22:43
035,39.990216,116.330853,2009-04-07 11:22:48
035,39.990211,116.330828,2009-04-07 11:22:53
035,39.990209,116.33081,2009-04-07 11:22:58
035,39.990208,116.330795,2009-04-07 11:23:03
035,39.990207,116.330779,2009-04-07 11:23:08
035,39.990205,116.330762,2009-04-07 11:23:13
035,39.990207,116.330724,2009-04-07 11:23:18
035,39.99021,116.330702,2009-04-07 11:23:23
035,39.990207,116.330692,2009-04-07 11:23:28
035,39.990204,116.330682,2009-04-07 11:23:33
035,39.990201,116.330668,2009-04-07 11:23:38
035,39.990197,116.330652,2009-04-07 11:23:43
035,39.990206,116.330606,2009-04-07 11:23:48
035,39.990253,116.330489,2009-04-07 11:23:53
035,39.990289,116.330463,2009-04-07 11:23:58
035,39.990299,116.330461,2009-04-07 11:24:03
035,39.990303,116.330452,2009-04-07 11:24:08
035,39.990305,116.330437,2009-04-07 11:24:13
035,39.990326,116.3304,2009-04-07 11:24:18
035,39.990344,116.330372,2009-04-07 11:24:23
035,39.990367,116.330358,2009-04-07 11:24:28
035,39.990373,116.330349,2009-04-07 11:24:33
035,39.990382,116.330337,2009-04-07 11:24:38
035,39.990408,116.330255,2009-04-07 11:24:43
035,39.990412,116.330176,2009-04-07 11:24:48
035,39.990401,116.330101,2009-04-07 11:24:53
035,39.990371,116.329993,2009-04-07 11:24:58
035,39.990347,116.329909,2009-04-07 11:25:03
035,39.990331,116.329906,2009-04-07 11:25:08
035,39.990322,116.32994,2009-04-07 11:25:13
035,39.99032,116.329938,2009-04-07 11:25:18
035,39.990318,116.329941,2009-04-07 11:25:23
035,39.990319,116.329943,2009-04-07 11:25:28
035,39.990318,116.329946,2009-04-07 11:25:33
035,39.990318,116.329947,2009-04-07 11:25:38
035,39.990318,116.329948,2009-04-07 11:25:43
035,39.990318,116.329949,2009-04-07 11:25:48
035,39.990319,116.32995,2009-04-07 11:25:53
035,39.990318,116.329952,2009-04-07 11:25:58
035,39.990317,116.329955,2009-04-07 11:26:03
035,39.990317,116.329957,2009-04-07 11:26:08
035,39.990317,116.329959,2009-04-07 11:26:13
035,39.990317,116.329962,2009-04-07 11:26:18
035,39.990317,116.329963,2009-04-07 11:26:23
035,39.990318,116.329963,2009-04-07 11:26:28
035,39.990318,116.329964,2009-04-07 11:26:33
035,39.990318,116.329965,2009-04-07 11:26:38
035,39.990318,116.329965,2009-04-07 11:26:43
035,39.990319,116.329967,2009-04-07 11:26:48
035,39.990319,116.329969,2009-04-07 11:26:53
035,39.990319,116.32997,2009-04-07 11:26:58
035,39.990319,116.329972,2009-04-07 11:27:03
035,39.990319,116.329973,2009-04-07 11:27:08
035,39.990319,116.329975,2009-04-07 11:27:13
035,39.99032,116.329975,2009-04-07 11:27:18
035,39.990321,116.329976,2009-04-07 11:27:23
035,39.990321,116.329977,2009-04-07 11:27:28
035,39.990321,116.329978,2009-04-07 11:27:33
035,39.990322,116.329979,2009-04-07 11:27:38
035,39.990322,116.329981,2009-04-07 11:27:43
035,39.990322,116.329982,2009-04-07 11:27:48
035,39.990322,116.329983,2009-04-07 11:27:53
035,39.990322,116.329984,2009-04-07 11:27:58
035,39.990322,116.329985,2009-04-07 11:28:03
035,39.990322,116.329985,2009-04-07 11:28:08
035,39.990323,116.329986,2009-04-07 11:28:13
035,39.990325,116.329987,2009-04-07 11:28:18
035,39.990326,116.329989,2009-04-07 11:28:23
035,39.990328,116.329991,2009-04-07 11:28:28
035,39.990329,116.329992,2009-04-07 11:28:33
035,39.990329,116.329994,2009-04-07 11:28:38
035,39.990329,116.329995,2009-04-07 11:28:43
035,39.99033,116.329996,2009-04-07 11:28:48
035,39.990331,116.329996,2009-04-07 11:28:53
035,39.990331,116.329997,2009-04-07 11:28:58
035,39.990331,116.329999,2009-04-07 11:29:03
035,39.990332,116.33,2009-04-07 11:29:08
035,39.990332,116.330003,2009-04-07 11:29:13
035,39.990333,116.330007,2009-04-07 11:29:18
035,39.990334,116.33001,2009-04-07 11:29:23
035,39.990335,116.330014,2009-04-07 11:29:28
035,39.990335,116.330016,2009-04-07 11:29:33
035,39.990335,116.330017,2009-04-07 11:29:38
035,39.990335,116.330018,2009-04-07 11:29:43
035,39.990336,116.330018,2009-04-07 11:29:48
035,39.990336,116.330018,2009-04-07 11:29:53
035,39.990337,116.330019,2009-04-07 11:29:58
035,39.990337,116.330019,2009-04-07 11:30:03
035,39.990337,116.33002,2009-04-07 11:30:08
035,39.990338,116.33002,2009-04-07 11:30:13
035,39.990338,116.33002,2009-04-07 11:30:18
035,39.990339,116.330019,2009-04-07 11:30:23
035,39.990339,116.33002,2009-04-07 11:30:28
035,39.990339,116.33002,2009-04-07 11:30:33
035,39.99034,116.330021,2009-04-07 11:30:38
035,39.99034,116.330021,2009-04-07 11:30:43
035,39.990341,116.330021,2009-04-07 11:30:48
035,39.990342,116.330022,2009-04-07 11:30:53
035,39.990343,116.330022,2009-04-07 11:30:58
035,39.990344,116.330021,2009-04-07 11:31:03
035,39.990345,116.33002,2009-04-07 11:31:08
035,39.990346,116.330019,2009-04-07 11:31:13
035,39.990347,116.330019,2009-04-07 11:31:18
035,39.990347,116.33002,2009-04-07 11:31:23
035,39.990348,116.330021,2009-04-07 11:31:28
035,39.990349,116.330022,2009-04-07 11:31:33
035,39.99035,116.330022,2009-04-07 11:31:38
035,39.990351,116.330022,2009-04-07 11:31:43
035,39.990352,116.330021,2009-04-07 11:31:48
035,39.990353,116.330021,2009-04-07 11:31:53
035,39.990353,116.330021,2009-04-07 11:31:58
035,39.990354,116.33002,2009-04-07 11:32:03
035,39.990354,116.330021,2009-04-07 11:32:08
035,39.990355,116.330021,2009-04-07 11:32:13
035,39.990356,116.330022,2009-04-07 11:32:18
035,39.990357,116.330023,2009-04-07 11:32:23
035,39.990357,116.330024,2009-04-07 11:32:28
035,39.990357,116.330024,2009-04-07 11:32:33
035,39.990357,116.330025,2009-04-07 11:32:38
035,39.990356,116.330025,2009-04-07 11:32:43
035,39.990357,116.330025,2009-04-07 11:32:48
035,39.990359,116.330024,2009-04-07 11:32:53
035,39.99036,116.330025,2009-04-07 11:32:58
035,39.990361,116.330027,2009-04-07 11:33:03
035,39.990362,116.330028,2009-04-07 11:33:08
035,39.990362,116.33003,2009-04-07 11:33:13
035,39.990363,116.330032,2009-04-07 11:33:18
035,39.990363,116.330033,2009-04-07 11:33:23
035,39.990363,116.330034,2009-04-07 11:33:28
035,39.990364,116.330036,2009-04-07 11:33:33
035,39.990364,116.330037,2009-04-07 11:33:38
035,39.990364,116.330038,2009-04-07 11:33:43
035,39.990364,116.330038,2009-04-07 11:33:48
035,39.990365,116.330038,2009-04-07 11:33:53
035,39.990365,116.330039,2009-04-07 11:33:58
035,39.990365,116.330039,2009-04-07 11:34:03
035,39.990365,116.33004,2009-04-07 11:34:08
035,39.990365,116.330041,2009-04-07 11:34:13
035,39.990365,116.330043,2009-04-07 11:34:18
035,39.990365,116.330044,2009-04-07 11:34:23
035,39.990365,116.330044,2009-04-07 11:34:28
035,39.990366,116.330045,2009-04-07 11:34:33
035,39.990366,116.330046,2009-04-07 11:34:38
035,39.990366,116.330047,2009-04-07 11:34:43
035,39.990367,116.330048,2009-04-07 11:34:48
035,39.990368,116.330048,2009-04-07 11:34:53
035,39.990368,116.330049,2009-04-07 11:34:58
035,39.990369,116.330049,2009-04-07 11:35:03
035,39.990369,116.33005,2009-04-07 11:35:08
035,39.990369,116.330051,2009-04-07 11:35:13
035,39.990369,116.330052,2009-04-07 11:35:18
035,39.990369,116.330052,2009-04-07 11:35:23
035,39.990372,116.330054,2009-04-07 11:35:28
035,39.990374,116.330055,2009-04-07 11:35:33
035,39.990375,116.330057,2009-04-07 11:35:38
035,39.990375,116.330058,2009-04-07 11:35:43
035,39.990376,116.330059,2009-04-07 11:35:48
035,39.990377,116.33006,2009-04-07 11:35:53
035,39.990377,116.330061,2009-04-07 11:35:58
035,39.990377,116.330061,2009-04-07 11:36:03
035,39.990377,116.330061,2009-04-07 11:36:08
035,39.990378,116.33006,2009-04-07 11:36:13
035,39.990378,116.330059,2009-04-07 11:36:18
035,39.990379,116.330059,2009-04-07 11:36:23
035,39.990379,116.33006,2009-04-07 11:36:28
035,39.99038,116.33006,2009-04-07 11:36:33
035,39.990381,116.33006,2009-04-07 11:36:38
035,39.990381,116.330059,2009-04-07 11:36:43
035,39.990382,116.330059,2009-04-07 11:36:48
035,39.990383,116.33006,2009-04-07 11:36:53
035,39.990383,116.330061,2009-04-07 11:36:58
035,39.990383,116.330061,2009-04-07 11:37:03
035,39.990384,116.330061,2009-04-07 11:37:08
035,39.990384,116.330061,2009-04-07 11:37:13
035,39.990385,116.330061,2009-04-07 11:37:18
035,39.990385,116.330062,2009-04-07 11:37:23
035,39.990385,116.330062,2009-04-07 11:37:28
035,39.990386,116.330062,2009-04-07 11:37:33
035,39.990387,116.330063,2009-04-07 11:37:38
035,39.990387,116.330062,2009-04-07 11:37:43
035,39.990387,116.330063,2009-04-07 11:37:48
035,39.990387,116.330065,2009-04-07 11:37:53
035,39.990387,116.330066,2009-04-07 11:37:58
035,39.990388,116.330067,2009-04-07 11:38:03
035,39.990388,116.330068,2009-04-07 11:38:08
035,39.990389,116.330067,2009-04-07 11:38:13
035,39.99039,116.330066,2009-04-07 11:38:18
035,39.990391,116.330067,2009-04-07 11:38:23
035,39.990391,116.330067,2009-04-07 11:38:28
035,39.990391,116.330067,2009-04-07 11:38:33
035,39.990392,116.330068,2009-04-07 11:38:38
035,39.990392,116.330069,2009-04-07 11:38:43
035,39.990393,116.330069,2009-04-07 11:38:48
035,39.990393,116.33007,2009-04-07 11:38:53
035,39.990394,116.33007,2009-04-07 11:38:58
035,39.990395,116.33007,2009-04-07 11:39:03
035,39.990395,116.330071,2009-04-07 11:39:08
035,39.990396,116.330071,2009-04-07 11:39:13
035,39.990396,116.330072,2009-04-07 11:39:18
035,39.990397,116.330072,2009-04-07 11:39:23
035,39.990397,116.330072,2009-04-07 11:39:28
035,39.990398,116.330072,2009-04-07 11:39:33
035,39.990398,116.330071,2009-04-07 11:39:38
035,39.990399,116.330071,2009-04-07 11:39:43
035,39.990399,116.330071,2009-04-07 11:39:48
035,39.9904,116.330072,2009-04-07 11:39:53
035,39.9904,116.330074,2009-04-07 11:39:58
035,39.9904,116.330075,2009-04-07 11:40:03
035,39.990401,116.330075,2009-04-07 11:40:08
035,39.990402,116.330076,2009-04-07 11:40:13
035,39.990402,116.330076,2009-04-07 11:40:18
035,39.990403,116.330077,2009-04-07 11:40:23
035,39.990403,116.330077,2009-04-07 11:40:28
035,39.990404,116.330077,2009-04-07 11:40:33
035,39.990404,116.330077,2009-04-07 11:40:38
035,39.990404,116.330078,2009-04-07 11:40:43
035,39.990404,116.330078,2009-04-07 11:40:48
035,39.990404,116.330079,2009-04-07 11:40:53
035,39.990404,116.33008,2009-04-07 11:40:58
035,39.990404,116.330081,2009-04-07 11:41:03
035,39.990405,116.330081,2009-04-07 11:41:08
035,39.990406,116.33008,2009-04-07 11:41:13
035,39.990407,116.330081,2009-04-07 11:41:18
035,39.990408,116.330081,2009-04-07 11:41:23
035,39.990409,116.330081,2009-04-07 11:41:28
035,39.990409,116.33008,2009-04-07 11:41:33
035,39.99041,116.33008,2009-04-07 11:41:38
035,39.990411,116.33008,2009-04-07 11:41:43
035,39.990412,116.33008,2009-04-07 11:41:48
035,39.990412,116.330081,2009-04-07 11:41:53
035,39.990413,116.330081,2009-04-07 11:41:58
035,39.990413,116.330082,2009-04-07 11:42:03
035,39.990413,116.330082,2009-04-07 11:42:08
035,39.990413,116.330083,2009-04-07 11:42:13
035,39.990414,116.330084,2009-04-07 11:42:18
035,39.990414,116.330085,2009-04-07 11:42:23
035,39.990414,116.330086,2009-04-07 11:42:28
035,39.990415,116.330087,2009-04-07 11:42:33
035,39.990415,116.330087,2009-04-07 11:42:38
035,39.990416,116.330086,2009-04-07 11:42:43
035,39.990417,116.330086,2009-04-07 11:42:48
035,39.990417,116.330086,2009-04-07 11:42:53
035,39.990418,116.330087,2009-04-07 11:42:58
035,39.990418,116.330087,2009-04-07 11:43:03
035,39.990418,116.330087,2009-04-07 11:43:08
035,39.990419,116.330088,2009-04-07 11:43:13
035,39.990419,116.330088,2009-04-07 11:43:18
035,39.990419,116.330089,2009-04-07 11:43:23
035,39.99042,116.33009,2009-04-07 11:43:28
035,39.99042,116.330091,2009-04-07 11:43:33
035,39.990421,116.330091,2009-04-07 11:43:38
035,39.990421,116.330092,2009-04-07 11:43:43
035,39.990422,116.330092,2009-04-07 11:43:48
035,39.990422,116.330093,2009-04-07 11:43:53
035,39.990422,116.330094,2009-04-07 11:43:58
035,39.990422,116.330094,2009-04-07 11:44:03
035,39.990422,116.330094,2009-04-07 11:44:08
035,39.990423,116.330095,2009-04-07 11:44:13
035,39.990423,116.330097,2009-04-07 11:44:18
035,39.990423,116.330098,2009-04-07 11:44:23
035,39.990423,116.330098,2009-04-07 11:44:28
035,39.990424,116.330099,2009-04-07 11:44:33
035,39.990424,116.330099,2009-04-07 11:44:38
035,39.990425,116.330099,2009-04-07 11:44:43
035,39.990425,116.3301,2009-04-07 11:44:48
035,39.990425,116.330102,2009-04-07 11:44:53
035,39.990425,116.330102,2009-04-07 11:44:58
035,39.990425,116.330103,2009-04-07 11:45:03
035,39.990426,116.330104,2009-04-07 11:45:08
035,39.990426,116.330104,2009-04-07 11:45:13
035,39.990426,116.330104,2009-04-07 11:45:18
035,39.990427,116.330104,2009-04-07 11:45:23
035,39.990427,116.330105,2009-04-07 11:45:28
035,39.990428,116.330105,2009-04-07 11:45:33
035,39.990428,116.330105,2009-04-07 11:45:38
035,39.990429,116.330105,2009-04-07 11:45:43
035,39.990429,116.330106,2009-04-07 11:45:48
035,39.990429,116.330107,2009-04-07 11:45:53
035,39.990429,116.330108,2009-04-07 11:45:58
035,39.990429,116.330109,2009-04-07 11:46:03
035,39.990429,116.33011,2009-04-07 11:46:08
035,39.99043,116.33011,2009-04-07 11:46:13
035,39.99043,116.330111,2009-04-07 11:46:18
035,39.99043,116.330111,2009-04-07 11:46:23
035,39.99043,116.330111,2009-04-07 11:46:28
035,39.99043,116.330111,2009-04-07 11:46:33
035,39.99043,116.330112,2009-04-07 11:46:38
035,39.99043,116.330111,2009-04-07 11:46:43
035,39.990431,116.33011,2009-04-07 11:46:48
035,39.990432,116.330109,2009-04-07 11:46:53
035,39.990433,116.330108,2009-04-07 11:46:58
035,39.990433,116.330109,2009-04-07 11:47:03
035,39.990434,116.330109,2009-04-07 11:47:08
035,39.990435,116.330108,2009-04-07 11:47:13
035,39.990436,116.330108,2009-04-07 11:47:18
035,39.990436,116.330108,2009-04-07 11:47:23
035,39.990437,116.330107,2009-04-07 11:47:28
035,39.990438,116.330106,2009-04-07 11:47:33
035,39.990439,116.330106,2009-04-07 11:47:38
035,39.99044,116.330106,2009-04-07 11:47:43
035,39.990443,116.330105,2009-04-07 11:47:48
035,39.990449,116.330103,2009-04-07 11:47:53
035,39.990456,116.330105,2009-04-07 11:47:58
035,39.990456,116.330105,2009-04-07 11:48:01
035,39.990463,116.33011,2009-04-07 11:48:03
035,39.990472,116.330119,2009-04-07 11:48:08
035,39.990495,116.330154,2009-04-07 11:48:13
035,39.990502,116.330173,2009-04-07 11:48:18
035,39.990505,116.330184,2009-04-07 11:48:23
035,39.990503,116.330198,2009-04-07 11:48:28
035,39.990501,116.330214,2009-04-07 11:48:33
035,39.990496,116.330228,2009-04-07 11:48:38
035,39.990489,116.330237,2009-04-07 11:48:43
035,39.990479,116.330244,2009-04-07 11:48:48
035,39.990469,116.330249,2009-04-07 11:48:53
035,39.990465,116.330249,2009-04-07 11:48:58
035,39.990462,116.33025,2009-04-07 11:49:03
035,39.990462,116.330251,2009-04-07 11:49:08
035,39.990459,116.330255,2009-04-07 11:49:13
035,39.990459,116.330255,2009-04-07 11:49:16
035,39.990452,116.330261,2009-04-07 11:49:18
035,39.990443,116.330267,2009-04-07 11:49:23
035,39.990433,116.330272,2009-04-07 11:49:28
035,39.990425,116.330277,2009-04-07 11:49:33
035,39.990425,116.330277,2009-04-07 11:49:36
035,39.99042,116.330285,2009-04-07 11:49:38
035,39.990414,116.330295,2009-04-07 11:49:43
035,39.990412,116.330302,2009-04-07 11:49:48
035,39.990413,116.330304,2009-04-07 11:49:53
035,39.990418,116.330304,2009-04-07 11:49:58
035,39.990423,116.330302,2009-04-07 11:50:03
035,39.990427,116.330297,2009-04-07 11:50:08
035,39.990432,116.330291,2009-04-07 11:50:13
035,39.990437,116.330286,2009-04-07 11:50:18
035,39.990443,116.330283,2009-04-07 11:50:23
035,39.990448,116.330285,2009-04-07 11:50:28
035,39.990449,116.330287,2009-04-07 11:50:33
035,39.990449,116.330292,2009-04-07 11:50:38
035,39.990453,116.330298,2009-04-07 11:50:43
035,39.990457,116.330301,2009-04-07 11:50:48
035,39.990465,116.330303,2009-04-07 11:50:53
035,39.990471,116.330303,2009-04-07 11:50:58
035,39.990471,116.330303,2009-04-07 11:51:03
035,39.990469,116.330304,2009-04-07 11:51:08
035,39.990469,116.330303,2009-04-07 11:51:13
035,39.990469,116.330303,2009-04-07 11:51:18
035,39.990469,116.330304,2009-04-07 11:51:23
035,39.990469,116.330304,2009-04-07 11:51:28
035,39.990469,116.330303,2009-04-07 11:51:33
035,39.990469,116.330303,2009-04-07 11:51:38
035,39.990469,116.330303,2009-04-07 11:51:43
035,39.990468,116.330303,2009-04-07 11:51:48
035,39.990469,116.330303,2009-04-07 11:51:53
035,39.990469,116.330302,2009-04-07 11:51:58
035,39.990469,116.330301,2009-04-07 11:52:03
035,39.990468,116.330301,2009-04-07 11:52:08
035,39.990468,116.330301,2009-04-07 11:52:13
035,39.990468,116.330301,2009-04-07 11:52:18
035,39.990467,116.3303,2009-04-07 11:52:23
035,39.990467,116.330298,2009-04-07 11:52:28
035,39.990467,116.330295,2009-04-07 11:52:33
035,39.990467,116.330294,2009-04-07 11:52:38
035,39.990466,116.330294,2009-04-07 11:52:43
035,39.990466,116.330293,2009-04-07 11:52:48
035,39.990465,116.330293,2009-04-07 11:52:53
035,39.990465,116.330292,2009-04-07 11:52:58
035,39.990465,116.330292,2009-04-07 11:53:03
035,39.990466,116.330291,2009-04-07 11:53:08
035,39.990466,116.330291,2009-04-07 11:53:13
035,39.990466,116.33029,2009-04-07 11:53:18
035,39.990467,116.33029,2009-04-07 11:53:23
035,39.990467,116.33029,2009-04-07 11:53:28
035,39.990467,116.330291,2009-04-07 11:53:33
035,39.990467,116.33029,2009-04-07 11:53:38
035,39.990468,116.33029,2009-04-07 11:53:43
035,39.990468,116.330289,2009-04-07 11:53:48
035,39.990468,116.330289,2009-04-07 11:53:53
035,39.990468,116.330289,2009-04-07 11:53:58
035,39.990469,116.33029,2009-04-07 11:54:03
035,39.990469,116.33029,2009-04-07 11:54:08
035,39.990469,116.330289,2009-04-07 11:54:13
035,39.990469,116.330288,2009-04-07 11:54:18
035,39.990469,116.330287,2009-04-07 11:54:23
035,39.990469,116.330286,2009-04-07 11:54:28
035,39.99047,116.330285,2009-04-07 11:54:33
035,39.99047,116.330284,2009-04-07 11:54:38
035,39.99047,116.330282,2009-04-07 11:54:43
035,39.990471,116.330281,2009-04-07 11:54:48
035,39.990473,116.330278,2009-04-07 11:54:53
035,39.990473,116.330277,2009-04-07 11:54:58
035,39.990474,116.330276,2009-04-07 11:55:03
035,39.990475,116.330274,2009-04-07 11:55:08
035,39.990476,116.330273,2009-04-07 11:55:13
035,39.990477,116.330273,2009-04-07 11:55:18
035,39.990478,116.330271,2009-04-07 11:55:23
035,39.990479,116.33027,2009-04-07 11:55:28
035,39.99048,116.33027,2009-04-07 11:55:33
035,39.99048,116.33027,2009-04-07 11:55:38
035,39.990481,116.33027,2009-04-07 11:55:43
035,39.990482,116.330268,2009-04-07 11:55:48
035,39.990483,116.330267,2009-04-07 11:55:53
035,39.990483,116.330267,2009-04-07 11:55:58
035,39.990483,116.330267,2009-04-07 11:56:03
035,39.990485,116.330263,2009-04-07 11:56:08
035,39.990489,116.330258,2009-04-07 11:56:13
035,39.990489,116.330258,2009-04-07 11:56:16
035,39.990493,116.330252,2009-04-07 11:56:18
035,39.990498,116.330239,2009-04-07 11:56:23
035,39.990503,116.330229,2009-04-07 11:56:28
035,39.990509,116.330217,2009-04-07 11:56:33
035,39.990605,116.330034,2009-04-07 11:56:38
035,39.990653,116.329947,2009-04-07 11:56:43
035,39.990677,116.329901,2009-04-07 11:56:48
035,39.99071,116.32986,2009-04-07 11:56:53
035,39.990734,116.329901,2009-04-07 11:56:58
035,39.990749,116.329969,2009-04-07 11:57:03
035,39.990735,116.330029,2009-04-07 11:57:08
035,39.990699,116.330097,2009-04-07 11:57:13
035,39.990681,116.330114,2009-04-07 11:57:18
035,39.990673,116.330123,2009-04-07 11:57:23
035,39.990669,116.330129,2009-04-07 11:57:28
035,39.990669,116.330129,2009-04-07 11:57:31
035,39.990665,116.330131,2009-04-07 11:57:33
035,39.990655,116.330129,2009-04-07 11:57:38
035,39.990649,116.330127,2009-04-07 11:57:43
035,39.990649,116.330127,2009-04-07 11:57:46
035,39.99065,116.33012,2009-04-07 11:57:48
035,39.990651,116.33011,2009-04-07 11:57:53
035,39.990651,116.330098,2009-04-07 11:57:58
035,39.990679,116.330003,2009-04-07 11:58:03
035,39.990661,116.330009,2009-04-07 11:58:08
035,39.990661,116.33,2009-04-07 11:58:13
035,39.990664,116.329986,2009-04-07 11:58:18
035,39.990649,116.329978,2009-04-07 11:58:23
035,39.99065,116.329974,2009-04-07 11:58:28
035,39.990651,116.329975,2009-04-07 11:58:33
035,39.990651,116.329975,2009-04-07 11:58:36
035,39.990658,116.329975,2009-04-07 11:58:38
035,39.990668,116.329977,2009-04-07 11:58:43
035,39.990689,116.32997,2009-04-07 11:58:48
035,39.9907,116.329967,2009-04-07 11:58:53
035,39.99072,116.329956,2009-04-07 11:58:58
035,39.990732,116.329926,2009-04-07 11:59:03
035,39.99071,116.32989,2009-04-07 11:59:08
035,39.990676,116.329862,2009-04-07 11:59:13
035,39.990688,116.32985,2009-04-07 11:59:18
035,39.990686,116.329836,2009-04-07 11:59:23
035,39.990678,116.329826,2009-04-07 11:59:28
035,39.990669,116.32983,2009-04-07 11:59:33
035,39.990659,116.329855,2009-04-07 11:59:38
035,39.990661,116.329897,2009-04-07 11:59:43
035,39.990667,116.329898,2009-04-07 11:59:48
035,39.990667,116.329898,2009-04-07 11:59:51
035,39.990664,116.329906,2009-04-07 11:59:53
035,39.990663,116.329918,2009-04-07 11:59:58
035,39.990654,116.329969,2009-04-07 12:00:03
035,39.990662,116.329982,2009-04-07 12:00:08
035,39.990664,116.329995,2009-04-07 12:00:13
035,39.990664,116.330004,2009-04-07 12:00:18
035,39.99066,116.330012,2009-04-07 12:00:23
035,39.99066,116.330012,2009-04-07 12:00:26
035,39.990654,116.330019,2009-04-07 12:00:28
035,39.990645,116.330026,2009-04-07 12:00:33
035,39.990636,116.330033,2009-04-07 12:00:38
035,39.990631,116.330034,2009-04-07 12:00:43
035,39.990625,116.330033,2009-04-07 12:00:48
035,39.990618,116.330031,2009-04-07 12:00:53
035,39.990612,116.330028,2009-04-07 12:00:58
035,39.990612,116.330028,2009-04-07 12:01:01
035,39.990609,116.330029,2009-04-07 12:01:03
035,39.990606,116.330038,2009-04-07 12:01:08
035,39.990595,116.330045,2009-04-07 12:01:13
035,39.990552,116.330063,2009-04-07 12:01:18
035,39.990545,116.330089,2009-04-07 12:01:23
035,39.990557,116.33008,2009-04-07 12:01:28
035,39.990563,116.330067,2009-04-07 12:01:33
035,39.990543,116.33,2009-04-07 12:01:38
035,39.990541,116.329989,2009-04-07 12:01:43
035,39.990538,116.329976,2009-04-07 12:01:48
035,39.990522,116.329979,2009-04-07 12:01:53
035,39.990513,116.329985,2009-04-07 12:01:58
035,39.990507,116.32999,2009-04-07 12:02:03
035,39.990507,116.32999,2009-04-07 12:02:06
035,39.990501,116.329997,2009-04-07 12:02:08
035,39.990496,116.330018,2009-04-07 12:02:13
035,39.990449,116.330062,2009-04-07 12:02:18
035,39.990451,116.330106,2009-04-07 12:02:23
035,39.990477,116.330138,2009-04-07 12:02:28
035,39.990483,116.330149,2009-04-07 12:02:33
035,39.990493,116.330143,2009-04-07 12:02:38
035,39.990496,116.330132,2009-04-07 12:02:43
035,39.990497,116.330134,2009-04-07 12:02:48
035,39.990494,116.330135,2009-04-07 12:02:53
035,39.990495,116.330131,2009-04-07 12:02:58
035,39.990495,116.330131,2009-04-07 12:03:01
035,39.990503,116.330123,2009-04-07 12:03:03
035,39.990505,116.330112,2009-04-07 12:03:08
035,39.990496,116.330066,2009-04-07 12:03:13
035,39.990519,116.329988,2009-04-07 12:03:18
035,39.990527,116.329952,2009-04-07 12:03:23
035,39.990514,116.329961,2009-04-07 12:03:28
035,39.990512,116.329956,2009-04-07 12:03:33
035,39.990512,116.329956,2009-04-07 12:03:36
035,39.990511,116.329961,2009-04-07 12:03:38
035,39.990511,116.329971,2009-04-07 12:03:43
035,39.99051,116.329982,2009-04-07 12:03:48
035,39.990507,116.329995,2009-04-07 12:03:53
035,39.990502,116.33001,2009-04-07 12:03:58
035,39.990499,116.330022,2009-04-07 12:04:03
035,39.990503,116.330028,2009-04-07 12:04:08
035,39.990503,116.330028,2009-04-07 12:04:11
035,39.990509,116.330029,2009-04-07 12:04:13
035,39.990521,116.330027,2009-04-07 12:04:18
035,39.990533,116.330024,2009-04-07 12:04:23
035,39.990543,116.330023,2009-04-07 12:04:28
035,39.990554,116.330023,2009-04-07 12:04:33
035,39.990565,116.330021,2009-04-07 12:04:38
035,39.990565,116.330021,2009-04-07 12:04:41
035,39.990573,116.330019,2009-04-07 12:04:43
035,39.990583,116.330021,2009-04-07 12:04:48
035,39.990595,116.330021,2009-04-07 12:04:53
035,39.990605,116.330021,2009-04-07 12:04:58
035,39.990615,116.330024,2009-04-07 12:05:03
035,39.990615,116.330024,2009-04-07 12:05:06
035,39.990622,116.330026,2009-04-07 12:05:08
035,39.990613,116.330019,2009-04-07 12:05:13
035,39.990602,116.330011,2009-04-07 12:05:18
035,39.990593,116.330008,2009-04-07 12:05:23
035,39.990593,116.330008,2009-04-07 12:05:26
035,39.990588,116.330002,2009-04-07 12:05:28
035,39.990587,116.329993,2009-04-07 12:05:33
035,39.990609,116.329966,2009-04-07 12:05:38
035,39.990651,116.329935,2009-04-07 12:05:43
035,39.990698,116.329966,2009-04-07 12:05:48
035,39.990723,116.329985,2009-04-07 12:05:53
035,39.990734,116.329986,2009-04-07 12:05:58
035,39.990743,116.329991,2009-04-07 12:06:03
035,39.990748,116.330001,2009-04-07 12:06:08
035,39.990752,116.330012,2009-04-07 12:06:13
035,39.990752,116.330012,2009-04-07 12:06:16
035,39.990752,116.33002,2009-04-07 12:06:18
035,39.990755,116.330031,2009-04-07 12:06:23
035,39.990757,116.330043,2009-04-07 12:06:28
035,39.990755,116.330052,2009-04-07 12:06:33
035,39.990745,116.330054,2009-04-07 12:06:38
035,39.99073,116.330053,2009-04-07 12:06:43
035,39.990716,116.330056,2009-04-07 12:06:48
035,39.990706,116.33005,2009-04-07 12:06:53
035,39.990698,116.330039,2009-04-07 12:06:58
035,39.990697,116.330004,2009-04-07 12:07:03
035,39.990693,116.329992,2009-04-07 12:07:08
035,39.990692,116.329982,2009-04-07 12:07:13
035,39.990692,116.329982,2009-04-07 12:07:16
035,39.990691,116.329975,2009-04-07 12:07:18
035,39.990689,116.329964,2009-04-07 12:07:23
035,39.990687,116.32995,2009-04-07 12:07:28
035,39.990683,116.329939,2009-04-07 12:07:33
035,39.990679,116.329931,2009-04-07 12:07:38
035,39.990674,116.329926,2009-04-07 12:07:43
035,39.990674,116.329926,2009-04-07 12:07:46
035,39.990668,116.329918,2009-04-07 12:07:48
035,39.990665,116.329908,2009-04-07 12:07:53
035,39.990666,116.329902,2009-04-07 12:07:58
035,39.990667,116.329899,2009-04-07 12:08:03
035,39.990666,116.329894,2009-04-07 12:08:08
035,39.990668,116.329892,2009-04-07 12:08:13
035,39.99067,116.329892,2009-04-07 12:08:18
035,39.99067,116.329891,2009-04-07 12:08:23
035,39.99067,116.32989,2009-04-07 12:08:28
035,39.990669,116.32989,2009-04-07 12:08:33
035,39.990669,116.32989,2009-04-07 12:08:38
035,39.990668,116.32989,2009-04-07 12:08:43
035,39.990668,116.329889,2009-04-07 12:08:48
035,39.990669,116.329889,2009-04-07 12:08:53
035,39.990669,116.329888,2009-04-07 12:08:58
035,39.990669,116.329887,2009-04-07 12:09:03
035,39.990668,116.329887,2009-04-07 12:09:08
035,39.990667,116.329886,2009-04-07 12:09:13
035,39.990665,116.329886,2009-04-07 12:09:18
035,39.990664,116.329886,2009-04-07 12:09:23
035,39.990664,116.329886,2009-04-07 12:09:28
035,39.990663,116.329887,2009-04-07 12:09:33
035,39.990662,116.329887,2009-04-07 12:09:38
035,39.990661,116.329887,2009-04-07 12:09:43
035,39.99066,116.329887,2009-04-07 12:09:48
035,39.990659,116.329887,2009-04-07 12:09:53
035,39.990659,116.329887,2009-04-07 12:09:58
035,39.990659,116.329888,2009-04-07 12:10:03
035,39.990659,116.329888,2009-04-07 12:10:08
035,39.990658,116.329888,2009-04-07 12:10:13
035,39.990658,116.329888,2009-04-07 12:10:18
035,39.990659,116.329888,2009-04-07 12:10:23
035,39.990659,116.329889,2009-04-07 12:10:28
035,39.990658,116.329889,2009-04-07 12:10:33
035,39.990658,116.329888,2009-04-07 12:10:38
035,39.990657,116.329889,2009-04-07 12:10:43
035,39.990656,116.329889,2009-04-07 12:10:48
035,39.990656,116.329889,2009-04-07 12:10:53
035,39.990656,116.329889,2009-04-07 12:10:58
035,39.990655,116.329889,2009-04-07 12:11:03
035,39.990655,116.329889,2009-04-07 12:11:08
035,39.990654,116.329889,2009-04-07 12:11:13
035,39.990653,116.329889,2009-04-07 12:11:18
035,39.990652,116.329889,2009-04-07 12:11:23
035,39.990651,116.329888,2009-04-07 12:11:28
035,39.99065,116.329888,2009-04-07 12:11:33
035,39.99065,116.329887,2009-04-07 12:11:38
035,39.99065,116.329887,2009-04-07 12:11:43
035,39.99065,116.329887,2009-04-07 12:11:48
035,39.99065,116.329888,2009-04-07 12:11:53
035,39.99065,116.329888,2009-04-07 12:11:58
035,39.990651,116.329887,2009-04-07 12:12:03
035,39.990651,116.329887,2009-04-07 12:12:08
035,39.990651,116.329887,2009-04-07 12:12:13
035,39.990651,116.329887,2009-04-07 12:12:18
035,39.990651,116.329888,2009-04-07 12:12:23
035,39.990652,116.329888,2009-04-07 12:12:28
035,39.990652,116.329888,2009-04-07 12:12:33
035,39.990652,116.329888,2009-04-07 12:12:38
035,39.990653,116.329888,2009-04-07 12:12:43
035,39.990652,116.329888,2009-04-07 12:12:48
035,39.990653,116.329888,2009-04-07 12:12:53
035,39.990652,116.329888,2009-04-07 12:12:58
035,39.990652,116.329888,2009-04-07 12:13:03
035,39.990652,116.329889,2009-04-07 12:13:08
035,39.990652,116.329889,2009-04-07 12:13:13
035,39.990652,116.329888,2009-04-07 12:13:18
035,39.990652,116.329888,2009-04-07 12:13:23
035,39.990651,116.329887,2009-04-07 12:13:28
035,39.990652,116.329887,2009-04-07 12:13:33
035,39.990652,116.329886,2009-04-07 12:13:38
035,39.990652,116.329886,2009-04-07 12:13:43
035,39.990652,116.329886,2009-04-07 12:13:48
035,39.990652,116.329886,2009-04-07 12:13:53
035,39.990652,116.329886,2009-04-07 12:13:58
035,39.990653,116.329887,2009-04-07 12:14:03
035,39.990652,116.329886,2009-04-07 12:14:08
035,39.990652,116.329886,2009-04-07 12:14:13
035,39.990652,116.329886,2009-04-07 12:14:18
035,39.990653,116.329886,2009-04-07 12:14:23
035,39.990653,116.329886,2009-04-07 12:14:28
035,39.990652,116.329885,2009-04-07 12:14:33
035,39.990651,116.329884,2009-04-07 12:14:38
035,39.99065,116.329883,2009-04-07 12:14:43
035,39.99065,116.329882,2009-04-07 12:14:48
035,39.99065,116.329882,2009-04-07 12:14:53
035,39.99065,116.329882,2009-04-07 12:14:58
035,39.99065,116.329882,2009-04-07 12:15:03
035,39.990649,116.329882,2009-04-07 12:15:08
035,39.990648,116.329882,2009-04-07 12:15:13
035,39.990647,116.329883,2009-04-07 12:15:18
035,39.990646,116.329883,2009-04-07 12:15:23
035,39.990646,116.329883,2009-04-07 12:15:28
035,39.990645,116.329883,2009-04-07 12:15:33
035,39.990644,116.329883,2009-04-07 12:15:38
035,39.990643,116.329884,2009-04-07 12:15:43
035,39.990642,116.329884,2009-04-07 12:15:48
035,39.990641,116.329883,2009-04-07 12:15:53
035,39.99064,116.329883,2009-04-07 12:15:58
035,39.99064,116.329883,2009-04-07 12:16:03
035,39.990639,116.329882,2009-04-07 12:16:08
035,39.990639,116.329882,2009-04-07 12:16:13
035,39.990638,116.329881,2009-04-07 12:16:18
035,39.990638,116.329881,2009-04-07 12:16:23
035,39.990637,116.329879,2009-04-07 12:16:28
035,39.990636,116.329878,2009-04-07 12:16:33
035,39.990636,116.329878,2009-04-07 12:16:38
035,39.990636,116.329878,2009-04-07 12:16:43
035,39.990636,116.329878,2009-04-07 12:16:48
035,39.990635,116.329879,2009-04-07 12:16:53
035,39.990634,116.329879,2009-04-07 12:16:58
035,39.990634,116.329879,2009-04-07 12:17:03
035,39.990634,116.32988,2009-04-07 12:17:08
035,39.990635,116.32988,2009-04-07 12:17:13
035,39.990635,116.32988,2009-04-07 12:17:18
035,39.990636,116.32988,2009-04-07 12:17:23
035,39.990635,116.32988,2009-04-07 12:17:28
035,39.990634,116.32988,2009-04-07 12:17:33
035,39.990634,116.329881,2009-04-07 12:17:38
035,39.990633,116.329881,2009-04-07 12:17:43
035,39.990633,116.329881,2009-04-07 12:17:48
035,39.990633,116.329881,2009-04-07 12:17:53
035,39.990632,116.329881,2009-04-07 12:17:58
035,39.990632,116.329882,2009-04-07 12:18:03
035,39.990632,116.329882,2009-04-07 12:18:08
035,39.990632,116.329882,2009-04-07 12:18:13
035,39.990631,116.329882,2009-04-07 12:18:18
035,39.990631,116.329881,2009-04-07 12:18:23
035,39.990631,116.329881,2009-04-07 12:18:28
035,39.99063,116.329882,2009-04-07 12:18:33
035,39.990629,116.329882,2009-04-07 12:18:38
035,39.990629,116.329882,2009-04-07 12:18:43
035,39.990629,116.329882,2009-04-07 12:18:48
035,39.990628,116.329882,2009-04-07 12:18:53
035,39.990628,116.329882,2009-04-07 12:18:58
035,39.990627,116.329882,2009-04-07 12:19:03
035,39.990627,116.329882,2009-04-07 12:19:08
035,39.990627,116.329882,2009-04-07 12:19:13
035,39.990626,116.329882,2009-04-07 12:19:18
035,39.990626,116.329882,2009-04-07 12:19:23
035,39.990626,116.329882,2009-04-07 12:19:28
035,39.990626,116.329882,2009-04-07 12:19:33
035,39.990626,116.329882,2009-04-07 12:19:38
035,39.990625,116.329882,2009-04-07 12:19:43
035,39.990624,116.329883,2009-04-07 12:19:48
035,39.990624,116.329883,2009-04-07 12:19:53
035,39.990623,116.329883,2009-04-07 12:19:58
035,39.990622,116.329884,2009-04-07 12:20:03
035,39.990621,116.329884,2009-04-07 12:20:08
035,39.99062,116.329884,2009-04-07 12:20:13
035,39.990619,116.329884,2009-04-07 12:20:18
035,39.990618,116.329888,2009-04-07 12:20:23
035,39.990616,116.329891,2009-04-07 12:20:28
035,39.990614,116.329896,2009-04-07 12:20:33
035,39.990612,116.329899,2009-04-07 12:20:38
035,39.990612,116.3299,2009-04-07 12:20:43
035,39.990612,116.329901,2009-04-07 12:20:48
035,39.990612,116.329901,2009-04-07 12:20:53
035,39.990612,116.329902,2009-04-07 12:20:58
035,39.990611,116.329903,2009-04-07 12:21:03
035,39.990611,116.329903,2009-04-07 12:21:08
035,39.99061,116.329904,2009-04-07 12:21:13
035,39.99061,116.329905,2009-04-07 12:21:18
035,39.99061,116.329905,2009-04-07 12:21:23
035,39.99061,116.329906,2009-04-07 12:21:28
035,39.990611,116.329908,2009-04-07 12:21:33
035,39.990612,116.329911,2009-04-07 12:21:38
035,39.990612,116.329913,2009-04-07 12:21:43
035,39.990613,116.329915,2009-04-07 12:21:48
035,39.990614,116.329918,2009-04-07 12:21:53
035,39.990614,116.32992,2009-04-07 12:21:58
035,39.990613,116.329921,2009-04-07 12:22:03
035,39.990613,116.329922,2009-04-07 12:22:08
035,39.990612,116.329923,2009-04-07 12:22:13
035,39.990612,116.329923,2009-04-07 12:22:18
035,39.990611,116.329924,2009-04-07 12:22:23
035,39.990611,116.329924,2009-04-07 12:22:28
035,39.990611,116.329924,2009-04-07 12:22:33
035,39.990611,116.329924,2009-04-07 12:22:38
035,39.99061,116.329924,2009-04-07 12:22:43
035,39.990609,116.329924,2009-04-07 12:22:48
035,39.990609,116.329924,2009-04-07 12:22:53
035,39.990609,116.329924,2009-04-07 12:22:58
035,39.990609,116.329924,2009-04-07 12:23:03
035,39.990609,116.329924,2009-04-07 12:23:08
035,39.990608,116.329923,2009-04-07 12:23:13
035,39.990608,116.329923,2009-04-07 12:23:18
035,39.990606,116.329922,2009-04-07 12:23:23
035,39.990605,116.329922,2009-04-07 12:23:28
035,39.990603,116.329922,2009-04-07 12:23:33
035,39.990601,116.329922,2009-04-07 12:23:38
035,39.990599,116.329921,2009-04-07 12:23:43
035,39.990598,116.329921,2009-04-07 12:23:48
035,39.990596,116.329921,2009-04-07 12:23:53
035,39.990595,116.329921,2009-04-07 12:23:58
035,39.990594,116.329922,2009-04-07 12:24:03
035,39.990594,116.329922,2009-04-07 12:24:08
035,39.990593,116.329922,2009-04-07 12:24:13
035,39.990593,116.329922,2009-04-07 12:24:18
035,39.990592,116.329922,2009-04-07 12:24:23
035,39.990592,116.329922,2009-04-07 12:24:28
035,39.990591,116.329922,2009-04-07 12:24:33
035,39.990591,116.329922,2009-04-07 12:24:38
035,39.99059,116.329923,2009-04-07 12:24:43
035,39.990589,116.329924,2009-04-07 12:24:48
035,39.990588,116.329924,2009-04-07 12:24:53
035,39.990587,116.329925,2009-04-07 12:24:58
035,39.990586,116.329925,2009-04-07 12:25:03
035,39.990585,116.329925,2009-04-07 12:25:08
035,39.990585,116.329925,2009-04-07 12:25:13
035,39.990584,116.329925,2009-04-07 12:25:18
035,39.990584,116.329925,2009-04-07 12:25:23
035,39.990583,116.329925,2009-04-07 12:25:28
035,39.990583,116.329925,2009-04-07 12:25:33
035,39.990582,116.329925,2009-04-07 12:25:38
035,39.990582,116.329925,2009-04-07 12:25:43
035,39.990582,116.329925,2009-04-07 12:25:48
035,39.990581,116.329924,2009-04-07 12:25:53
035,39.990581,116.329924,2009-04-07 12:25:58
035,39.99058,116.329923,2009-04-07 12:26:03
035,39.990578,116.329923,2009-04-07 12:26:08
035,39.990578,116.329922,2009-04-07 12:26:13
035,39.990577,116.329922,2009-04-07 12:26:18
035,39.990576,116.329922,2009-04-07 12:26:23
035,39.990575,116.329922,2009-04-07 12:26:28
035,39.990574,116.329922,2009-04-07 12:26:33
035,39.990573,116.329922,2009-04-07 12:26:38
035,39.990572,116.329923,2009-04-07 12:26:43
035,39.990571,116.329923,2009-04-07 12:26:48
035,39.99057,116.329923,2009-04-07 12:26:53
035,39.990569,116.329923,2009-04-07 12:26:58
035,39.990568,116.329924,2009-04-07 12:27:03
035,39.990567,116.329924,2009-04-07 12:27:08
035,39.990566,116.329924,2009-04-07 12:27:13
035,39.990565,116.329924,2009-04-07 12:27:18
035,39.990565,116.329925,2009-04-07 12:27:23
035,39.990564,116.329925,2009-04-07 12:27:28
035,39.990564,116.329925,2009-04-07 12:27:33
035,39.990564,116.329925,2009-04-07 12:27:38
035,39.990564,116.329926,2009-04-07 12:27:43
035,39.990564,116.329927,2009-04-07 12:27:48
035,39.990564,116.329929,2009-04-07 12:27:53
035,39.990564,116.329931,2009-04-07 12:27:58
035,39.990563,116.329932,2009-04-07 12:28:03
035,39.990562,116.329933,2009-04-07 12:28:08
035,39.990561,116.329933,2009-04-07 12:28:13
035,39.990561,116.329933,2009-04-07 12:28:18
035,39.99056,116.329933,2009-04-07 12:28:23
035,39.990559,116.329933,2009-04-07 12:28:28
035,39.990558,116.329933,2009-04-07 12:28:33
035,39.990558,116.329932,2009-04-07 12:28:38
035,39.990557,116.329932,2009-04-07 12:28:43
035,39.990556,116.329932,2009-04-07 12:28:48
035,39.990556,116.329933,2009-04-07 12:28:53
035,39.990555,116.329933,2009-04-07 12:28:58
035,39.990555,116.329933,2009-04-07 12:29:03
035,39.990554,116.329933,2009-04-07 12:29:08
035,39.990554,116.329933,2009-04-07 12:29:13
035,39.990554,116.329932,2009-04-07 12:29:18
035,39.990554,116.329932,2009-04-07 12:29:23
035,39.990554,116.329932,2009-04-07 12:29:28
035,39.990554,116.329932,2009-04-07 12:29:33
035,39.990553,116.329931,2009-04-07 12:29:38
035,39.990553,116.329931,2009-04-07 12:29:43
035,39.990552,116.329931,2009-04-07 12:29:48
035,39.990552,116.329931,2009-04-07 12:29:53
035,39.990551,116.329931,2009-04-07 12:29:58
035,39.99055,116.329931,2009-04-07 12:30:03
035,39.990549,116.329931,2009-04-07 12:30:08
035,39.990548,116.329931,2009-04-07 12:30:13
035,39.990548,116.329931,2009-04-07 12:30:18
035,39.990547,116.329931,2009-04-07 12:30:23
035,39.990546,116.329931,2009-04-07 12:30:28
035,39.990545,116.329931,2009-04-07 12:30:33
035,39.990544,116.329931,2009-04-07 12:30:38
035,39.990543,116.329931,2009-04-07 12:30:43
035,39.990542,116.32993,2009-04-07 12:30:48
035,39.990541,116.32993,2009-04-07 12:30:53
035,39.99054,116.32993,2009-04-07 12:30:58
035,39.990539,116.32993,2009-04-07 12:31:03
035,39.990538,116.32993,2009-04-07 12:31:08
035,39.990537,116.329929,2009-04-07 12:31:13
035,39.990536,116.329929,2009-04-07 12:31:18
035,39.990535,116.329929,2009-04-07 12:31:23
035,39.990534,116.329929,2009-04-07 12:31:28
035,39.990533,116.32993,2009-04-07 12:31:33
035,39.990532,116.32993,2009-04-07 12:31:38
035,39.99053,116.32993,2009-04-07 12:31:43
035,39.990529,116.32993,2009-04-07 12:31:48
035,39.990528,116.32993,2009-04-07 12:31:53
035,39.990527,116.32993,2009-04-07 12:31:58
035,39.990527,116.32993,2009-04-07 12:32:03
035,39.990526,116.32993,2009-04-07 12:32:08
035,39.990525,116.32993,2009-04-07 12:32:13
035,39.990525,116.32993,2009-04-07 12:32:18
035,39.990524,116.329931,2009-04-07 12:32:23
035,39.990524,116.329931,2009-04-07 12:32:28
035,39.990524,116.329931,2009-04-07 12:32:33
035,39.990523,116.329931,2009-04-07 12:32:38
035,39.990522,116.329931,2009-04-07 12:32:43
035,39.990522,116.329932,2009-04-07 12:32:48
035,39.990521,116.329932,2009-04-07 12:32:53
035,39.99052,116.329932,2009-04-07 12:32:58
035,39.99052,116.329932,2009-04-07 12:33:03
035,39.990519,116.329932,2009-04-07 12:33:08
035,39.990519,116.329932,2009-04-07 12:33:13
035,39.990519,116.329932,2009-04-07 12:33:18
035,39.990518,116.329932,2009-04-07 12:33:23
035,39.990518,116.329932,2009-04-07 12:33:28
035,39.990518,116.329932,2009-04-07 12:33:33
035,39.990517,116.329932,2009-04-07 12:33:38
035,39.990516,116.329932,2009-04-07 12:33:43
035,39.990515,116.329933,2009-04-07 12:33:48
035,39.990515,116.329933,2009-04-07 12:33:53
035,39.990514,116.329933,2009-04-07 12:33:58
035,39.990512,116.329933,2009-04-07 12:34:03
035,39.990511,116.329933,2009-04-07 12:34:08
035,39.990509,116.329933,2009-04-07 12:34:13
035,39.990508,116.329934,2009-04-07 12:34:18
035,39.990507,116.329934,2009-04-07 12:34:23
035,39.990507,116.329934,2009-04-07 12:34:28
035,39.990506,116.329934,2009-04-07 12:34:33
035,39.990506,116.329934,2009-04-07 12:34:38
035,39.990505,116.329934,2009-04-07 12:34:43
035,39.990505,116.329934,2009-04-07 12:34:48
035,39.990505,116.329934,2009-04-07 12:34:53
035,39.990504,116.329934,2009-04-07 12:34:58
035,39.990504,116.329934,2009-04-07 12:35:03
035,39.990503,116.329935,2009-04-07 12:35:08
035,39.990502,116.329935,2009-04-07 12:35:13
035,39.990502,116.329935,2009-04-07 12:35:18
035,39.990501,116.329935,2009-04-07 12:35:23
035,39.9905,116.329935,2009-04-07 12:35:28
035,39.9905,116.329936,2009-04-07 12:35:33
035,39.9905,116.329936,2009-04-07 12:35:38
035,39.9905,116.329936,2009-04-07 12:35:43
035,39.990499,116.329936,2009-04-07 12:35:48
035,39.990499,116.329936,2009-04-07 12:35:53
035,39.990498,116.329936,2009-04-07 12:35:58
035,39.990497,116.329936,2009-04-07 12:36:03
035,39.990496,116.329937,2009-04-07 12:36:08
035,39.990495,116.329937,2009-04-07 12:36:13
035,39.990494,116.329937,2009-04-07 12:36:18
035,39.990494,116.329937,2009-04-07 12:36:23
035,39.990493,116.329937,2009-04-07 12:36:28
035,39.990492,116.329938,2009-04-07 12:36:33
035,39.990492,116.329938,2009-04-07 12:36:38
035,39.990492,116.329938,2009-04-07 12:36:43
035,39.990491,116.329938,2009-04-07 12:36:48
035,39.990491,116.329938,2009-04-07 12:36:53
035,39.990491,116.329938,2009-04-07 12:36:58
035,39.99049,116.329938,2009-04-07 12:37:03
035,39.99049,116.329939,2009-04-07 12:37:08
035,39.990489,116.32994,2009-04-07 12:37:13
035,39.990489,116.32994,2009-04-07 12:37:18
035,39.990488,116.32994,2009-04-07 12:37:23
035,39.990488,116.32994,2009-04-07 12:37:28
035,39.990487,116.32994,2009-04-07 12:37:33
035,39.990487,116.32994,2009-04-07 12:37:38
035,39.990486,116.329941,2009-04-07 12:37:43
035,39.990486,116.329941,2009-04-07 12:37:48
035,39.990485,116.329941,2009-04-07 12:37:53
035,39.990484,116.329941,2009-04-07 12:37:58
035,39.990484,116.329941,2009-04-07 12:38:03
035,39.990483,116.329941,2009-04-07 12:38:08
035,39.990483,116.329942,2009-04-07 12:38:13
035,39.990483,116.329942,2009-04-07 12:38:18
035,39.990482,116.329942,2009-04-07 12:38:23
035,39.990482,116.329942,2009-04-07 12:38:28
035,39.990482,116.329942,2009-04-07 12:38:33
035,39.990481,116.329942,2009-04-07 12:38:38
035,39.990481,116.329943,2009-04-07 12:38:43
035,39.990481,116.329942,2009-04-07 12:38:48
035,39.99048,116.329942,2009-04-07 12:38:53
035,39.990479,116.329942,2009-04-07 12:38:58
035,39.990479,116.329943,2009-04-07 12:39:03
035,39.990478,116.329943,2009-04-07 12:39:08
035,39.990477,116.329944,2009-04-07 12:39:13
035,39.990477,116.329944,2009-04-07 12:39:18
035,39.990476,116.329945,2009-04-07 12:39:23
035,39.990476,116.329946,2009-04-07 12:39:28
035,39.990475,116.329946,2009-04-07 12:39:33
035,39.990475,116.329946,2009-04-07 12:39:38
035,39.990475,116.329947,2009-04-07 12:39:43
035,39.990475,116.329947,2009-04-07 12:39:48
035,39.990475,116.329948,2009-04-07 12:39:53
035,39.990474,116.329948,2009-04-07 12:39:58
035,39.990474,116.329948,2009-04-07 12:40:03
035,39.990473,116.329949,2009-04-07 12:40:08
035,39.990472,116.329949,2009-04-07 12:40:13
035,39.990471,116.329949,2009-04-07 12:40:18
035,39.99047,116.329949,2009-04-07 12:40:23
035,39.990469,116.32995,2009-04-07 12:40:28
035,39.990469,116.32995,2009-04-07 12:40:33
035,39.990468,116.329949,2009-04-07 12:40:38
035,39.990467,116.329949,2009-04-07 12:40:43
035,39.990467,116.329949,2009-04-07 12:40:48
035,39.990466,116.32995,2009-04-07 12:40:53
035,39.990466,116.32995,2009-04-07 12:40:58
035,39.990466,116.32995,2009-04-07 12:41:03
035,39.990465,116.329949,2009-04-07 12:41:08
035,39.990465,116.329949,2009-04-07 12:41:13
035,39.990464,116.329949,2009-04-07 12:41:18
035,39.990463,116.329949,2009-04-07 12:41:23
035,39.990462,116.329949,2009-04-07 12:41:28
035,39.990461,116.329949,2009-04-07 12:41:33
035,39.99046,116.329948,2009-04-07 12:41:38
035,39.990459,116.329948,2009-04-07 12:41:43
035,39.990458,116.329948,2009-04-07 12:41:48
035,39.990457,116.329948,2009-04-07 12:41:53
035,39.990457,116.329948,2009-04-07 12:41:58
035,39.990456,116.329948,2009-04-07 12:42:03
035,39.990456,116.329948,2009-04-07 12:42:08
035,39.990455,116.329948,2009-04-07 12:42:13
035,39.990454,116.329948,2009-04-07 12:42:18
035,39.990454,116.329947,2009-04-07 12:42:23
035,39.990453,116.329947,2009-04-07 12:42:28
035,39.990452,116.329947,2009-04-07 12:42:33
035,39.990451,116.329947,2009-04-07 12:42:38
035,39.99045,116.329947,2009-04-07 12:42:43
035,39.990449,116.329946,2009-04-07 12:42:48
035,39.990448,116.329946,2009-04-07 12:42:53
035,39.990447,116.329946,2009-04-07 12:42:58
035,39.990447,116.329945,2009-04-07 12:43:03
035,39.990446,116.329945,2009-04-07 12:43:08
035,39.990445,116.329945,2009-04-07 12:43:13
035,39.990444,116.329945,2009-04-07 12:43:18
035,39.990443,116.329945,2009-04-07 12:43:23
035,39.990442,116.329945,2009-04-07 12:43:28
035,39.990442,116.329945,2009-04-07 12:43:33
035,39.990441,116.329945,2009-04-07 12:43:38
035,39.990441,116.329945,2009-04-07 12:43:43
035,39.99044,116.329945,2009-04-07 12:43:48
035,39.99044,116.329944,2009-04-07 12:43:53
035,39.990439,116.329944,2009-04-07 12:43:58
035,39.990439,116.329943,2009-04-07 12:44:03
035,39.990438,116.329943,2009-04-07 12:44:08
035,39.990437,116.329942,2009-04-07 12:44:13
035,39.990436,116.329942,2009-04-07 12:44:18
035,39.990435,116.329941,2009-04-07 12:44:23
035,39.990434,116.329941,2009-04-07 12:44:28
035,39.990434,116.329941,2009-04-07 12:44:33
035,39.990433,116.32994,2009-04-07 12:44:38
035,39.990432,116.32994,2009-04-07 12:44:43
035,39.990432,116.329939,2009-04-07 12:44:48
035,39.990431,116.329939,2009-04-07 12:44:53
035,39.990431,116.329939,2009-04-07 12:44:58
035,39.99043,116.329939,2009-04-07 12:45:03
035,39.99043,116.329939,2009-04-07 12:45:08
035,39.990429,116.329938,2009-04-07 12:45:13
035,39.990429,116.329938,2009-04-07 12:45:18
035,39.990428,116.329938,2009-04-07 12:45:23
035,39.990427,116.329938,2009-04-07 12:45:28
035,39.990426,116.329938,2009-04-07 12:45:33
035,39.990425,116.329938,2009-04-07 12:45:38
035,39.990424,116.329938,2009-04-07 12:45:43
035,39.990423,116.329937,2009-04-07 12:45:48
035,39.990423,116.329937,2009-04-07 12:45:53
035,39.990424,116.329936,2009-04-07 12:45:58
035,39.990424,116.329936,2009-04-07 12:46:03
035,39.990424,116.329936,2009-04-07 12:46:08
035,39.990424,116.329936,2009-04-07 12:46:13
035,39.990424,116.329936,2009-04-07 12:46:18
035,39.990424,116.329936,2009-04-07 12:46:23
035,39.990425,116.329937,2009-04-07 12:46:28
035,39.990425,116.329936,2009-04-07 12:46:33
035,39.990424,116.329936,2009-04-07 12:46:38
035,39.990423,116.329936,2009-04-07 12:46:43
035,39.990423,116.329936,2009-04-07 12:46:48
035,39.990422,116.329937,2009-04-07 12:46:53
035,39.990421,116.329937,2009-04-07 12:46:58
035,39.990421,116.329937,2009-04-07 12:47:03
035,39.99042,116.329937,2009-04-07 12:47:08
035,39.990419,116.329938,2009-04-07 12:47:13
035,39.990419,116.329938,2009-04-07 12:47:18
035,39.990418,116.329938,2009-04-07 12:47:23
035,39.990418,116.329937,2009-04-07 12:47:28
035,39.990418,116.329937,2009-04-07 12:47:33
035,39.990418,116.329936,2009-04-07 12:47:38
035,39.990418,116.329936,2009-04-07 12:47:43
035,39.990418,116.329936,2009-04-07 12:47:48
035,39.990418,116.329936,2009-04-07 12:47:53
035,39.990418,116.329936,2009-04-07 12:47:58
035,39.990418,116.329936,2009-04-07 12:48:03
035,39.990418,116.329936,2009-04-07 12:48:08
035,39.990418,116.329936,2009-04-07 12:48:13
035,39.990418,116.329936,2009-04-07 12:48:18
035,39.990418,116.329936,2009-04-07 12:48:23
035,39.990417,116.329936,2009-04-07 12:48:28
035,39.990418,116.329937,2009-04-07 12:48:33
035,39.990417,116.329937,2009-04-07 12:48:38
035,39.990415,116.329936,2009-04-07 12:48:43
035,39.990409,116.329934,2009-04-07 12:48:48
035,39.990409,116.329934,2009-04-07 12:48:51
035,39.990403,116.329933,2009-04-07 12:48:53
035,39.990394,116.329932,2009-04-07 12:48:58
035,39.990384,116.329932,2009-04-07 12:49:03
035,39.990375,116.329933,2009-04-07 12:49:08
035,39.990366,116.329931,2009-04-07 12:49:13
035,39.990358,116.32993,2009-04-07 12:49:18
035,39.990353,116.329927,2009-04-07 12:49:23
035,39.99035,116.329923,2009-04-07 12:49:28
035,39.990349,116.329919,2009-04-07 12:49:33
035,39.99035,116.329917,2009-04-07 12:49:38
035,39.990353,116.329915,2009-04-07 12:49:43
035,39.990356,116.329914,2009-04-07 12:49:48
035,39.990361,116.329913,2009-04-07 12:49:53
035,39.990366,116.329912,2009-04-07 12:49:58
035,39.990373,116.329911,2009-04-07 12:50:03
035,39.990381,116.32991,2009-04-07 12:50:08
035,39.990389,116.329911,2009-04-07 12:50:13
035,39.990397,116.329914,2009-04-07 12:50:18
035,39.990405,116.329918,2009-04-07 12:50:23
035,39.990413,116.329924,2009-04-07 12:50:28
035,39.990413,116.329924,2009-04-07 12:50:31
035,39.990421,116.32993,2009-04-07 12:50:33
035,39.99043,116.329937,2009-04-07 12:50:38
035,39.99044,116.329941,2009-04-07 12:50:43
035,39.990449,116.329945,2009-04-07 12:50:48
035,39.990449,116.329945,2009-04-07 12:50:51
035,39.990457,116.329949,2009-04-07 12:50:53
035,39.990466,116.32995,2009-04-07 12:50:58
035,39.990472,116.329952,2009-04-07 12:51:03
035,39.990479,116.329954,2009-04-07 12:51:08
035,39.990483,116.329956,2009-04-07 12:51:13
035,39.990486,116.329962,2009-04-07 12:51:18
035,39.990486,116.329962,2009-04-07 12:51:21
035,39.990488,116.329968,2009-04-07 12:51:23
035,39.990489,116.329978,2009-04-07 12:51:28
035,39.990489,116.329987,2009-04-07 12:51:33
035,39.990487,116.329996,2009-04-07 12:51:38
035,39.990483,116.330002,2009-04-07 12:51:43
035,39.990479,116.330007,2009-04-07 12:51:48
035,39.990476,116.33001,2009-04-07 12:51:53
035,39.990475,116.330011,2009-04-07 12:51:58
035,39.990476,116.330011,2009-04-07 12:52:03
035,39.990476,116.330011,2009-04-07 12:52:06
035,39.99048,116.330009,2009-04-07 12:52:08
035,39.990489,116.330006,2009-04-07 12:52:13
035,39.990506,116.33,2009-04-07 12:52:18
035,39.990538,116.329979,2009-04-07 12:52:23
035,39.990549,116.329979,2009-04-07 12:52:28
035,39.990561,116.329983,2009-04-07 12:52:33
035,39.990568,116.329989,2009-04-07 12:52:38
035,39.990571,116.329995,2009-04-07 12:52:43
035,39.990571,116.330001,2009-04-07 12:52:48
035,39.990573,116.330008,2009-04-07 12:52:53
035,39.990574,116.330012,2009-04-07 12:52:58
035,39.990572,116.330018,2009-04-07 12:53:03
035,39.990573,116.330025,2009-04-07 12:53:08
035,39.990573,116.330032,2009-04-07 12:53:13
035,39.990577,116.330038,2009-04-07 12:53:18
035,39.990581,116.33004,2009-04-07 12:53:23
035,39.990583,116.330041,2009-04-07 12:53:28
035,39.990584,116.330041,2009-04-07 12:53:33
035,39.990582,116.330043,2009-04-07 12:53:38
035,39.990582,116.330043,2009-04-07 12:53:43
035,39.990581,116.330043,2009-04-07 12:53:48
035,39.99058,116.330043,2009-04-07 12:53:53
035,39.99058,116.330042,2009-04-07 12:53:58
035,39.990579,116.330041,2009-04-07 12:54:03
035,39.990579,116.33004,2009-04-07 12:54:08
035,39.990579,116.33004,2009-04-07 12:54:13
035,39.990578,116.33004,2009-04-07 12:54:18
035,39.990578,116.33004,2009-04-07 12:54:23
035,39.990577,116.33004,2009-04-07 12:54:28
035,39.990577,116.33004,2009-04-07 12:54:33
035,39.990576,116.330039,2009-04-07 12:54:38
035,39.990575,116.330039,2009-04-07 12:54:43
035,39.990574,116.330038,2009-04-07 12:54:48
035,39.990574,116.330038,2009-04-07 12:54:53
035,39.990574,116.330039,2009-04-07 12:54:58
035,39.990573,116.330039,2009-04-07 12:55:03
035,39.990573,116.330039,2009-04-07 12:55:08
035,39.990573,116.330039,2009-04-07 12:55:13
035,39.990572,116.330039,2009-04-07 12:55:18
035,39.990572,116.330039,2009-04-07 12:55:23
035,39.990572,116.330039,2009-04-07 12:55:28
035,39.990571,116.330039,2009-04-07 12:55:33
035,39.99057,116.330039,2009-04-07 12:55:38
035,39.990569,116.330039,2009-04-07 12:55:43
035,39.990568,116.330039,2009-04-07 12:55:48
035,39.990568,116.330039,2009-04-07 12:55:53
035,39.990567,116.330038,2009-04-07 12:55:58
035,39.990567,116.330038,2009-04-07 12:56:03
035,39.990565,116.330036,2009-04-07 12:56:08
035,39.990564,116.330035,2009-04-07 12:56:13
035,39.990563,116.330035,2009-04-07 12:56:18
035,39.990563,116.330035,2009-04-07 12:56:23
035,39.990563,116.330035,2009-04-07 12:56:28
035,39.990562,116.330034,2009-04-07 12:56:33
035,39.990562,116.330034,2009-04-07 12:56:38
035,39.990561,116.330033,2009-04-07 12:56:43
035,39.990561,116.330033,2009-04-07 12:56:48
035,39.990561,116.330032,2009-04-07 12:56:53
035,39.990561,116.330032,2009-04-07 12:56:58
035,39.990561,116.330031,2009-04-07 12:57:03
035,39.990561,116.330031,2009-04-07 12:57:08
035,39.990561,116.33003,2009-04-07 12:57:13
035,39.990561,116.33003,2009-04-07 12:57:18
035,39.990561,116.33003,2009-04-07 12:57:23
035,39.99056,116.330029,2009-04-07 12:57:28
035,39.99056,116.330029,2009-04-07 12:57:33
035,39.99056,116.330029,2009-04-07 12:57:38
035,39.990559,116.330028,2009-04-07 12:57:43
035,39.990559,116.330028,2009-04-07 12:57:48
035,39.990559,116.330028,2009-04-07 12:57:53
035,39.990559,116.330027,2009-04-07 12:57:58
035,39.990558,116.330027,2009-04-07 12:58:03
035,39.990558,116.330027,2009-04-07 12:58:08
035,39.990558,116.330027,2009-04-07 12:58:13
035,39.990558,116.330027,2009-04-07 12:58:18
035,39.990558,116.330027,2009-04-07 12:58:23
035,39.990558,116.330026,2009-04-07 12:58:28
035,39.990558,116.330026,2009-04-07 12:58:33
035,39.990558,116.330026,2009-04-07 12:58:38
035,39.990558,116.330025,2009-04-07 12:58:43
035,39.990557,116.330024,2009-04-07 12:58:48
035,39.990557,116.330023,2009-04-07 12:58:53
035,39.990556,116.330023,2009-04-07 12:58:58
035,39.990556,116.330023,2009-04-07 12:59:03
035,39.990555,116.330024,2009-04-07 12:59:08
035,39.990555,116.330024,2009-04-07 12:59:13
035,39.990555,116.330024,2009-04-07 12:59:18
035,39.990555,116.330024,2009-04-07 12:59:23
035,39.990555,116.330024,2009-04-07 12:59:28
035,39.990555,116.330024,2009-04-07 12:59:33
035,39.990555,116.330024,2009-04-07 12:59:38
035,39.990555,116.330024,2009-04-07 12:59:43
035,39.990555,116.330023,2009-04-07 12:59:48
035,39.990555,116.330021,2009-04-07 12:59:53
035,39.990555,116.33002,2009-04-07 12:59:58
035,39.990555,116.330019,2009-04-07 13:00:03
035,39.990555,116.330018,2009-04-07 13:00:08
035,39.990555,116.330018,2009-04-07 13:00:13
035,39.990554,116.330018,2009-04-07 13:00:18
035,39.990554,116.330018,2009-04-07 13:00:23
035,39.990553,116.330017,2009-04-07 13:00:28
035,39.990554,116.330017,2009-04-07 13:00:33
035,39.990554,116.330015,2009-04-07 13:00:38
035,39.990554,116.330014,2009-04-07 13:00:43
035,39.990554,116.330013,2009-04-07 13:00:48
035,39.990553,116.330012,2009-04-07 13:00:53
035,39.990553,116.330011,2009-04-07 13:00:58
035,39.990552,116.33001,2009-04-07 13:01:03
035,39.990552,116.33001,2009-04-07 13:01:08
035,39.990553,116.33001,2009-04-07 13:01:13
035,39.990553,116.330009,2009-04-07 13:01:18
035,39.990553,116.330009,2009-04-07 13:01:23
035,39.990552,116.330008,2009-04-07 13:01:28
035,39.990551,116.330008,2009-04-07 13:01:33
035,39.990551,116.330007,2009-04-07 13:01:38
035,39.99055,116.330006,2009-04-07 13:01:43
035,39.99055,116.330006,2009-04-07 13:01:48
035,39.99055,116.330004,2009-04-07 13:01:53
035,39.99055,116.330003,2009-04-07 13:01:58
035,39.99055,116.330002,2009-04-07 13:02:03
035,39.99055,116.330001,2009-04-07 13:02:08
035,39.99055,116.330001,2009-04-07 13:02:13
035,39.99055,116.330001,2009-04-07 13:02:18
035,39.99055,116.33,2009-04-07 13:02:23
035,39.99055,116.33,2009-04-07 13:02:28
035,39.99055,116.329999,2009-04-07 13:02:33
035,39.99055,116.329998,2009-04-07 13:02:38
035,39.99055,116.329997,2009-04-07 13:02:43
035,39.99055,116.329997,2009-04-07 13:02:48
035,39.990551,116.329997,2009-04-07 13:02:53
035,39.990551,116.329995,2009-04-07 13:02:58
035,39.990552,116.329994,2009-04-07 13:03:03
035,39.990552,116.329993,2009-04-07 13:03:08
035,39.990553,116.329993,2009-04-07 13:03:13
035,39.990553,116.329992,2009-04-07 13:03:18
035,39.990552,116.329991,2009-04-07 13:03:23
035,39.990552,116.32999,2009-04-07 13:03:28
035,39.990552,116.32999,2009-04-07 13:03:33
035,39.990552,116.329989,2009-04-07 13:03:38
035,39.990551,116.329989,2009-04-07 13:03:43
035,39.990551,116.329988,2009-04-07 13:03:48
035,39.990551,116.329988,2009-04-07 13:03:53
035,39.990551,116.329988,2009-04-07 13:03:58
035,39.99055,116.329988,2009-04-07 13:04:03
035,39.990549,116.329988,2009-04-07 13:04:08
035,39.990549,116.329987,2009-04-07 13:04:13
035,39.990548,116.329986,2009-04-07 13:04:18
035,39.990548,116.329986,2009-04-07 13:04:23
035,39.990548,116.329985,2009-04-07 13:04:28
035,39.990548,116.329985,2009-04-07 13:04:33
035,39.990548,116.329984,2009-04-07 13:04:38
035,39.990548,116.329984,2009-04-07 13:04:43
035,39.990549,116.329983,2009-04-07 13:04:48
035,39.990548,116.329983,2009-04-07 13:04:53
035,39.990548,116.329983,2009-04-07 13:04:58
035,39.990548,116.329983,2009-04-07 13:05:03
035,39.990547,116.329983,2009-04-07 13:05:08
035,39.990547,116.329983,2009-04-07 13:05:13
035,39.990547,116.329983,2009-04-07 13:05:18
035,39.990547,116.329982,2009-04-07 13:05:23
035,39.990546,116.329982,2009-04-07 13:05:28
035,39.990546,116.329981,2009-04-07 13:05:33
035,39.990546,116.329981,2009-04-07 13:05:38
035,39.990546,116.32998,2009-04-07 13:05:43
035,39.990545,116.32998,2009-04-07 13:05:48
035,39.990545,116.32998,2009-04-07 13:05:53
035,39.990545,116.32998,2009-04-07 13:05:58
035,39.990544,116.329979,2009-04-07 13:06:03
035,39.990543,116.329978,2009-04-07 13:06:08
035,39.990543,116.329977,2009-04-07 13:06:13
035,39.990543,116.329976,2009-04-07 13:06:18
035,39.990542,116.329974,2009-04-07 13:06:23
035,39.990542,116.329973,2009-04-07 13:06:28
035,39.990542,116.329972,2009-04-07 13:06:33
035,39.990542,116.329972,2009-04-07 13:06:38
035,39.990542,116.329972,2009-04-07 13:06:43
035,39.990542,116.329972,2009-04-07 13:06:48
035,39.990542,116.329973,2009-04-07 13:06:53
035,39.990543,116.329974,2009-04-07 13:06:58
035,39.990543,116.329974,2009-04-07 13:07:03
035,39.990543,116.329974,2009-04-07 13:07:08
035,39.990544,116.329974,2009-04-07 13:07:13
035,39.990544,116.329974,2009-04-07 13:07:18
035,39.990545,116.329974,2009-04-07 13:07:23
035,39.990545,116.329973,2009-04-07 13:07:28
035,39.990545,116.329972,2009-04-07 13:07:33
035,39.990546,116.329971,2009-04-07 13:07:38
035,39.990547,116.329971,2009-04-07 13:07:43
035,39.990547,116.32997,2009-04-07 13:07:48
035,39.990547,116.32997,2009-04-07 13:07:53
035,39.990547,116.329971,2009-04-07 13:07:58
035,39.990547,116.329971,2009-04-07 13:08:03
035,39.990547,116.329971,2009-04-07 13:08:08
035,39.990547,116.329971,2009-04-07 13:08:13
035,39.990548,116.32997,2009-04-07 13:08:18
035,39.990548,116.329969,2009-04-07 13:08:23
035,39.990548,116.329968,2009-04-07 13:08:28
035,39.990548,116.329966,2009-04-07 13:08:33
035,39.990549,116.329965,2009-04-07 13:08:38
035,39.990549,116.329964,2009-04-07 13:08:43
035,39.990549,116.329962,2009-04-07 13:08:48
035,39.990549,116.329961,2009-04-07 13:08:53
035,39.990549,116.32996,2009-04-07 13:08:58
035,39.99055,116.32996,2009-04-07 13:09:03
035,39.99055,116.32996,2009-04-07 13:09:08
035,39.990551,116.32996,2009-04-07 13:09:13
035,39.990551,116.32996,2009-04-07 13:09:18
035,39.990552,116.329961,2009-04-07 13:09:23
035,39.990553,116.329962,2009-04-07 13:09:28
035,39.990554,116.329963,2009-04-07 13:09:33
035,39.990554,116.329963,2009-04-07 13:09:38
035,39.990555,116.329964,2009-04-07 13:09:43
035,39.990555,116.329964,2009-04-07 13:09:48
035,39.990555,116.329964,2009-04-07 13:09:53
035,39.990555,116.329965,2009-04-07 13:09:58
035,39.990554,116.329965,2009-04-07 13:10:03
035,39.990554,116.329965,2009-04-07 13:10:08
035,39.990554,116.329965,2009-04-07 13:10:13
035,39.990555,116.329966,2009-04-07 13:10:18
035,39.990555,116.329965,2009-04-07 13:10:23
035,39.990555,116.329965,2009-04-07 13:10:28
035,39.990556,116.329965,2009-04-07 13:10:33
035,39.990556,116.329964,2009-04-07 13:10:38
035,39.990557,116.329964,2009-04-07 13:10:43
035,39.990557,116.329963,2009-04-07 13:10:48
035,39.990557,116.329963,2009-04-07 13:10:53
035,39.990558,116.329963,2009-04-07 13:10:58
035,39.990558,116.329963,2009-04-07 13:11:03
035,39.990559,116.329964,2009-04-07 13:11:08
035,39.990559,116.329964,2009-04-07 13:11:13
035,39.990559,116.329965,2009-04-07 13:11:18
035,39.990558,116.329965,2009-04-07 13:11:23
035,39.990558,116.329965,2009-04-07 13:11:28
035,39.990558,116.329964,2009-04-07 13:11:33
035,39.990558,116.329964,2009-04-07 13:11:38
035,39.990558,116.329963,2009-04-07 13:11:43
035,39.990558,116.32996,2009-04-07 13:11:48
035,39.990559,116.329959,2009-04-07 13:11:53
035,39.99056,116.329958,2009-04-07 13:11:58
035,39.99056,116.329957,2009-04-07 13:12:03
035,39.99056,116.329956,2009-04-07 13:12:08
035,39.99056,116.329956,2009-04-07 13:12:13
035,39.99056,116.329956,2009-04-07 13:12:18
035,39.99056,116.329956,2009-04-07 13:12:23
035,39.99056,116.329956,2009-04-07 13:12:28
035,39.99056,116.329957,2009-04-07 13:12:33
035,39.99056,116.329958,2009-04-07 13:12:38
035,39.99056,116.329959,2009-04-07 13:12:43
035,39.990561,116.32996,2009-04-07 13:12:48
035,39.990561,116.329961,2009-04-07 13:12:53
035,39.990561,116.329961,2009-04-07 13:12:58
035,39.990559,116.329961,2009-04-07 13:13:03
035,39.990559,116.32996,2009-04-07 13:13:08
035,39.990558,116.329959,2009-04-07 13:13:13
035,39.990558,116.329959,2009-04-07 13:13:18
035,39.990558,116.329958,2009-04-07 13:13:23
035,39.990557,116.329958,2009-04-07 13:13:28
035,39.990557,116.329957,2009-04-07 13:13:33
035,39.990557,116.329956,2009-04-07 13:13:38
035,39.990556,116.329955,2009-04-07 13:13:43
035,39.990556,116.329954,2009-04-07 13:13:48
035,39.990556,116.329953,2009-04-07 13:13:53
035,39.990556,116.329953,2009-04-07 13:13:58
035,39.990556,116.329952,2009-04-07 13:14:03
035,39.990556,116.329952,2009-04-07 13:14:08
035,39.990556,116.329951,2009-04-07 13:14:13
035,39.990556,116.32995,2009-04-07 13:14:18
035,39.990556,116.329949,2009-04-07 13:14:23
035,39.990556,116.329949,2009-04-07 13:14:28
035,39.990556,116.329949,2009-04-07 13:14:33
035,39.990557,116.329949,2009-04-07 13:14:38
035,39.990557,116.329949,2009-04-07 13:14:43
035,39.990558,116.329949,2009-04-07 13:14:48
035,39.990559,116.329949,2009-04-07 13:14:53
035,39.990559,116.329948,2009-04-07 13:14:58
035,39.990559,116.329948,2009-04-07 13:15:03
035,39.990559,116.329947,2009-04-07 13:15:08
035,39.990559,116.329947,2009-04-07 13:15:13
035,39.990559,116.329946,2009-04-07 13:15:18
035,39.99056,116.329946,2009-04-07 13:15:23
035,39.99056,116.329946,2009-04-07 13:15:28
035,39.99056,116.329946,2009-04-07 13:15:33
035,39.99056,116.329946,2009-04-07 13:15:38
035,39.99056,116.329945,2009-04-07 13:15:43
035,39.99056,116.329945,2009-04-07 13:15:48
035,39.99056,116.329945,2009-04-07 13:15:53
035,39.99056,116.329945,2009-04-07 13:15:58
035,39.99056,116.329944,2009-04-07 13:16:03
035,39.99056,116.329944,2009-04-07 13:16:08
035,39.99056,116.329944,2009-04-07 13:16:13
035,39.99056,116.329944,2009-04-07 13:16:18
035,39.99056,116.329943,2009-04-07 13:16:23
035,39.990561,116.329943,2009-04-07 13:16:28
035,39.990561,116.329942,2009-04-07 13:16:33
035,39.990561,116.329941,2009-04-07 13:16:38
035,39.99056,116.32994,2009-04-07 13:16:43
035,39.99056,116.32994,2009-04-07 13:16:48
035,39.99056,116.32994,2009-04-07 13:16:53
035,39.99056,116.32994,2009-04-07 13:16:58
035,39.99056,116.32994,2009-04-07 13:17:03
035,39.99056,116.329939,2009-04-07 13:17:08
035,39.990561,116.329939,2009-04-07 13:17:13
035,39.990561,116.329939,2009-04-07 13:17:18
035,39.990562,116.32994,2009-04-07 13:17:23
035,39.990562,116.329941,2009-04-07 13:17:28
035,39.990562,116.329942,2009-04-07 13:17:33
035,39.990562,116.329943,2009-04-07 13:17:38
035,39.990562,116.329944,2009-04-07 13:17:43
035,39.990562,116.329944,2009-04-07 13:17:48
035,39.990561,116.329944,2009-04-07 13:17:53
035,39.990561,116.329944,2009-04-07 13:17:58
035,39.990561,116.329944,2009-04-07 13:18:03
035,39.990561,116.329945,2009-04-07 13:18:08
035,39.990561,116.329946,2009-04-07 13:18:13
035,39.990561,116.329946,2009-04-07 13:18:18
035,39.990561,116.329947,2009-04-07 13:18:23
035,39.990561,116.329947,2009-04-07 13:18:28
035,39.990562,116.329946,2009-04-07 13:18:33
035,39.990562,116.329945,2009-04-07 13:18:38
035,39.990563,116.329945,2009-04-07 13:18:43
035,39.990563,116.329944,2009-04-07 13:18:48
035,39.990564,116.329944,2009-04-07 13:18:53
035,39.990565,116.329944,2009-04-07 13:18:58
035,39.990566,116.329944,2009-04-07 13:19:03
035,39.990566,116.329944,2009-04-07 13:19:08
035,39.990566,116.329943,2009-04-07 13:19:13
035,39.990565,116.329942,2009-04-07 13:19:18
035,39.990565,116.329942,2009-04-07 13:19:23
035,39.990565,116.329942,2009-04-07 13:19:28
035,39.990564,116.329942,2009-04-07 13:19:33
035,39.990564,116.329942,2009-04-07 13:19:38
035,39.990564,116.329943,2009-04-07 13:19:43
035,39.990564,116.329943,2009-04-07 13:19:48
035,39.990564,116.329943,2009-04-07 13:19:53
035,39.990564,116.329943,2009-04-07 13:19:58
035,39.990564,116.329944,2009-04-07 13:20:03
035,39.990564,116.329944,2009-04-07 13:20:08
035,39.990563,116.329944,2009-04-07 13:20:13
035,39.990563,116.329944,2009-04-07 13:20:18
035,39.990563,116.329944,2009-04-07 13:20:23
035,39.990563,116.329945,2009-04-07 13:20:28
035,39.990563,116.329945,2009-04-07 13:20:33
035,39.990563,116.329946,2009-04-07 13:20:38
035,39.990563,116.329947,2009-04-07 13:20:43
035,39.990562,116.329949,2009-04-07 13:20:48
035,39.990561,116.329952,2009-04-07 13:20:53
035,39.990561,116.329953,2009-04-07 13:20:58
035,39.99056,116.329954,2009-04-07 13:21:03
035,39.99056,116.329955,2009-04-07 13:21:08
035,39.990559,116.329956,2009-04-07 13:21:13
035,39.990559,116.329958,2009-04-07 13:21:18
035,39.990559,116.329959,2009-04-07 13:21:23
035,39.990557,116.32996,2009-04-07 13:21:28
035,39.990556,116.329961,2009-04-07 13:21:33
035,39.990555,116.329962,2009-04-07 13:21:38
035,39.990555,116.329962,2009-04-07 13:21:43
035,39.990554,116.329963,2009-04-07 13:21:48
035,39.990554,116.329963,2009-04-07 13:21:53
035,39.990553,116.329964,2009-04-07 13:21:58
035,39.990552,116.329964,2009-04-07 13:22:03
035,39.99055,116.329965,2009-04-07 13:22:08
035,39.990549,116.329966,2009-04-07 13:22:13
035,39.990547,116.329967,2009-04-07 13:22:18
035,39.990545,116.329968,2009-04-07 13:22:23
035,39.990544,116.329969,2009-04-07 13:22:28
035,39.990543,116.32997,2009-04-07 13:22:33
035,39.990543,116.329971,2009-04-07 13:22:38
035,39.990543,116.329971,2009-04-07 13:22:43
035,39.990543,116.329972,2009-04-07 13:22:48
035,39.990543,116.329972,2009-04-07 13:22:53
035,39.990543,116.329973,2009-04-07 13:22:58
035,39.990543,116.329975,2009-04-07 13:23:03
035,39.990544,116.329976,2009-04-07 13:23:08
035,39.990544,116.329977,2009-04-07 13:23:13
035,39.990544,116.329977,2009-04-07 13:23:18
035,39.990543,116.329977,2009-04-07 13:23:23
035,39.990543,116.329977,2009-04-07 13:23:28
035,39.990543,116.329977,2009-04-07 13:23:33
035,39.990543,116.329977,2009-04-07 13:23:38
035,39.990543,116.329977,2009-04-07 13:23:43
035,39.990542,116.329977,2009-04-07 13:23:48
035,39.990542,116.329977,2009-04-07 13:23:53
035,39.990542,116.329977,2009-04-07 13:23:58
035,39.990542,116.329977,2009-04-07 13:24:03
035,39.990542,116.329978,2009-04-07 13:24:08
035,39.990542,116.329979,2009-04-07 13:24:13
035,39.990542,116.329979,2009-04-07 13:24:18
035,39.990542,116.329979,2009-04-07 13:24:23
035,39.990542,116.329979,2009-04-07 13:24:28
035,39.990542,116.329978,2009-04-07 13:24:33
035,39.990542,116.329978,2009-04-07 13:24:38
035,39.990543,116.329978,2009-04-07 13:24:43
035,39.990543,116.329978,2009-04-07 13:24:48
035,39.990543,116.329978,2009-04-07 13:24:53
035,39.990544,116.329978,2009-04-07 13:24:58
035,39.990544,116.329977,2009-04-07 13:25:03
035,39.990544,116.329976,2009-04-07 13:25:08
035,39.990544,116.329973,2009-04-07 13:25:13
035,39.990544,116.32997,2009-04-07 13:25:18
035,39.990544,116.329969,2009-04-07 13:25:23
035,39.990544,116.329968,2009-04-07 13:25:28
035,39.990544,116.329968,2009-04-07 13:25:33
035,39.990544,116.329966,2009-04-07 13:25:38
035,39.990543,116.329966,2009-04-07 13:25:43
035,39.990543,116.329965,2009-04-07 13:25:48
035,39.990543,116.329965,2009-04-07 13:25:53
035,39.990543,116.329965,2009-04-07 13:25:58
035,39.990544,116.329966,2009-04-07 13:26:03
035,39.990544,116.329966,2009-04-07 13:26:08
035,39.990544,116.329967,2009-04-07 13:26:13
035,39.990544,116.329967,2009-04-07 13:26:18
035,39.990544,116.329967,2009-04-07 13:26:23
035,39.990544,116.329968,2009-04-07 13:26:28
035,39.990544,116.329968,2009-04-07 13:26:33
035,39.990544,116.329968,2009-04-07 13:26:38
035,39.990544,116.329966,2009-04-07 13:26:43
035,39.990543,116.329965,2009-04-07 13:26:48
035,39.990543,116.329963,2009-04-07 13:26:53
035,39.990543,116.329963,2009-04-07 13:26:58
035,39.990543,116.329962,2009-04-07 13:27:03
035,39.990543,116.329962,2009-04-07 13:27:08
035,39.990542,116.329962,2009-04-07 13:27:13
035,39.990542,116.329962,2009-04-07 13:27:18
035,39.990542,116.329962,2009-04-07 13:27:23
035,39.990542,116.329962,2009-04-07 13:27:28
035,39.990542,116.329962,2009-04-07 13:27:33
035,39.990543,116.329963,2009-04-07 13:27:38
035,39.990543,116.329963,2009-04-07 13:27:43
035,39.990548,116.329967,2009-04-07 13:27:48
035,39.990555,116.32997,2009-04-07 13:27:53
035,39.990558,116.329967,2009-04-07 13:27:58
035,39.990559,116.329962,2009-04-07 13:28:03
035,39.99056,116.329956,2009-04-07 13:28:08
035,39.99056,116.329956,2009-04-07 13:28:11
035,39.990559,116.32995,2009-04-07 13:28:13
035,39.990558,116.329939,2009-04-07 13:28:18
035,39.990555,116.329924,2009-04-07 13:28:23
035,39.990553,116.329909,2009-04-07 13:28:28
035,39.990551,116.329899,2009-04-07 13:28:33
035,39.990549,116.329891,2009-04-07 13:28:38
035,39.990549,116.329887,2009-04-07 13:28:43
035,39.990549,116.329886,2009-04-07 13:28:48
035,39.990549,116.329886,2009-04-07 13:28:53
035,39.990549,116.329888,2009-04-07 13:28:58
035,39.99055,116.329889,2009-04-07 13:29:03
035,39.99055,116.329888,2009-04-07 13:29:08
035,39.99055,116.329885,2009-04-07 13:29:13
035,39.99055,116.329885,2009-04-07 13:29:16
035,39.990548,116.329878,2009-04-07 13:29:18
035,39.990546,116.329869,2009-04-07 13:29:23
035,39.990542,116.329858,2009-04-07 13:29:28
035,39.990538,116.329847,2009-04-07 13:29:33
035,39.990533,116.329835,2009-04-07 13:29:38
035,39.990527,116.329821,2009-04-07 13:29:43
035,39.990519,116.329808,2009-04-07 13:29:48
035,39.990507,116.329784,2009-04-07 13:29:53
035,39.990493,116.329752,2009-04-07 13:29:58
035,39.990484,116.329737,2009-04-07 13:30:03
035,39.990484,116.329737,2009-04-07 13:30:06
035,39.990491,116.329732,2009-04-07 13:30:08
035,39.990487,116.329718,2009-04-07 13:30:13
035,39.990483,116.329705,2009-04-07 13:30:18
035,39.990479,116.329692,2009-04-07 13:30:23
035,39.990475,116.329678,2009-04-07 13:30:28
035,39.990475,116.329678,2009-04-07 13:30:31
035,39.990476,116.329675,2009-04-07 13:30:33
035,39.990497,116.329385,2009-04-07 14:11:53
035,39.99051,116.329191,2009-04-07 14:11:58
035,39.990513,116.328802,2009-04-07 14:12:03
035,39.990523,116.328556,2009-04-07 14:12:08
035,39.990486,116.328324,2009-04-07 14:12:13
035,39.990564,116.328015,2009-04-07 14:12:18
035,39.990739,116.327913,2009-04-07 14:12:23
035,39.990976,116.327912,2009-04-07 14:12:28
035,39.991218,116.327803,2009-04-07 14:12:33
035,39.99131,116.327583,2009-04-07 14:12:38
035,39.991357,116.327198,2009-04-07 14:12:43
035,39.991334,116.326792,2009-04-07 14:12:48
035,39.991296,116.326602,2009-04-07 14:12:53
035,39.991455,116.32654,2009-04-07 14:12:58
035,39.991721,116.326591,2009-04-07 14:13:03
035,39.992078,116.326719,2009-04-07 14:13:08
035,39.992448,116.326775,2009-04-07 14:13:13
035,39.992807,116.32675,2009-04-07 14:13:18
035,39.993161,116.326713,2009-04-07 14:13:23
035,39.993526,116.326735,2009-04-07 14:13:28
035,39.993862,116.326728,2009-04-07 14:13:33
035,39.99405,116.326802,2009-04-07 14:13:38
035,39.994199,116.326884,2009-04-07 14:13:43
035,39.994471,116.32686,2009-04-07 14:13:48
035,39.994787,116.326835,2009-04-07 14:13:53
035,39.995126,116.326744,2009-04-07 14:13:58
035,39.995423,116.326676,2009-04-07 14:14:03
035,39.995758,116.32666,2009-04-07 14:14:08
035,39.996079,116.326635,2009-04-07 14:14:13
035,39.996276,116.326546,2009-04-07 14:14:18
035,39.996414,116.326373,2009-04-07 14:14:23
035,39.996667,116.326357,2009-04-07 14:14:28
035,39.99689,116.326336,2009-04-07 14:14:33
035,39.997146,116.326337,2009-04-07 14:14:38
035,39.997426,116.326319,2009-04-07 14:14:43
035,39.997721,116.326301,2009-04-07 14:14:48
035,39.998033,116.326265,2009-04-07 14:14:53
035,39.998351,116.326257,2009-04-07 14:14:58
035,39.998675,116.326247,2009-04-07 14:15:03
035,39.99898,116.326229,2009-04-07 14:15:08
035,39.999223,116.326111,2009-04-07 14:15:13
035,39.999397,116.325808,2009-04-07 14:15:18
035,39.999636,116.325661,2009-04-07 14:15:23
035,39.999778,116.325571,2009-04-07 14:15:28
035,39.999789,116.325226,2009-04-07 14:15:33
035,39.999774,116.324781,2009-04-07 14:15:38
035,39.999767,116.324298,2009-04-07 14:15:43
035,39.999752,116.323798,2009-04-07 14:15:48
035,39.999743,116.323304,2009-04-07 14:15:53
035,39.999748,116.322796,2009-04-07 14:15:58
035,39.999727,116.322292,2009-04-07 14:16:03
035,39.999852,116.321909,2009-04-07 14:16:08
035,40.000122,116.321831,2009-04-07 14:16:13
035,40.000421,116.321804,2009-04-07 14:16:18
035,40.000723,116.321759,2009-04-07 14:16:23
035,40.001027,116.321715,2009-04-07 14:16:28
035,40.00133,116.32167,2009-04-07 14:16:33
035,40.001623,116.321633,2009-04-07 14:16:38
035,40.001912,116.321595,2009-04-07 14:16:43
035,40.00222,116.321562,2009-04-07 14:16:48
035,40.002529,116.321535,2009-04-07 14:16:53
035,40.002857,116.321517,2009-04-07 14:16:58
035,40.003139,116.321482,2009-04-07 14:17:03
035,40.003417,116.32147,2009-04-07 14:17:08
035,40.003673,116.321431,2009-04-07 14:17:13
035,40.003955,116.321407,2009-04-07 14:17:18
035,40.004257,116.321398,2009-04-07 14:17:23
035,40.004542,116.321368,2009-04-07 14:17:28
035,40.004776,116.321338,2009-04-07 14:17:33
035,40.004883,116.321216,2009-04-07 14:17:38
035,40.004916,116.320914,2009-04-07 14:17:43
035,40.004897,116.320484,2009-04-07 14:17:48
035,40.004876,116.320076,2009-04-07 14:17:53
035,40.004857,116.319624,2009-04-07 14:17:58
035,40.00483,116.319184,2009-04-07 14:18:03
035,40.004807,116.318749,2009-04-07 14:18:08
035,40.004779,116.318335,2009-04-07 14:18:13
035,40.004789,116.317953,2009-04-07 14:18:18
035,40.005034,116.317819,2009-04-07 14:18:23
035,40.00537,116.317805,2009-04-07 14:18:28
035,40.005706,116.317764,2009-04-07 14:18:33
035,40.005986,116.317727,2009-04-07 14:18:38
035,40.006303,116.317711,2009-04-07 14:18:43
035,40.006666,116.317715,2009-04-07 14:18:48
035,40.00704,116.317712,2009-04-07 14:18:53
035,40.007406,116.317724,2009-04-07 14:18:58
035,40.007775,116.31773,2009-04-07 14:19:03
035,40.008142,116.317708,2009-04-07 14:19:08
035,40.008487,116.317674,2009-04-07 14:19:13
035,40.008786,116.317697,2009-04-07 14:19:18
035,40.008986,116.317744,2009-04-07 14:19:23
035,40.00911,116.317489,2009-04-07 14:19:28
035,40.009097,116.317103,2009-04-07 14:19:33
035,40.00905,116.316828,2009-04-07 14:19:38
035,40.008984,116.316548,2009-04-07 14:19:43
035,40.009069,116.3163,2009-04-07 14:19:48
035,40.009311,116.316216,2009-04-07 14:19:53
035,40.009542,116.316177,2009-04-07 14:19:58
035,40.009678,116.316018,2009-04-07 14:20:03
035,40.009666,116.315749,2009-04-07 14:20:08
035,40.00962,116.315474,2009-04-07 14:20:13
035,40.009566,116.315229,2009-04-07 14:20:18
035,40.009532,116.315074,2009-04-07 14:20:23
035,40.009529,116.31479,2009-04-07 14:20:28
035,40.009554,116.314457,2009-04-07 14:20:33
035,40.009493,116.314115,2009-04-07 14:20:38
035,40.009431,116.31375,2009-04-07 14:20:43
035,40.009401,116.313372,2009-04-07 14:20:48
035,40.009462,116.313015,2009-04-07 14:20:53
035,40.009457,116.312915,2009-04-07 14:20:58
035,40.009446,116.312896,2009-04-07 14:21:03
035,40.009497,116.312756,2009-04-07 14:21:08
035,40.009732,116.312698,2009-04-07 14:21:13
035,40.01,116.312644,2009-04-07 14:21:18
035,40.01028,116.312599,2009-04-07 14:21:23
035,40.010568,116.312571,2009-04-07 14:21:28
035,40.010858,116.312573,2009-04-07 14:21:33
035,40.011129,116.312556,2009-04-07 14:21:38
035,40.011282,116.312477,2009-04-07 14:21:43
035,40.011291,116.312454,2009-04-07 14:21:48
035,40.011313,116.312402,2009-04-07 14:21:53
035,40.011352,116.312196,2009-04-07 14:21:58
035,40.011367,116.312137,2009-04-07 14:22:03
035,40.011533,116.311999,2009-04-07 14:22:08
035,40.011802,116.311941,2009-04-07 14:22:13
035,40.012078,116.311908,2009-04-07 14:22:18
035,40.012332,116.311909,2009-04-07 14:22:23
035,40.012652,116.311865,2009-04-07 14:22:28
035,40.012998,116.311833,2009-04-07 14:22:33
035,40.013353,116.311807,2009-04-07 14:22:38
035,40.013687,116.311758,2009-04-07 14:22:43
035,40.014002,116.311675,2009-04-07 14:22:48
035,40.014339,116.311573,2009-04-07 14:22:53
035,40.014643,116.311451,2009-04-07 14:22:58
035,40.01492,116.31133,2009-04-07 14:23:03
035,40.015188,116.311194,2009-04-07 14:23:08
035,40.015411,116.311041,2009-04-07 14:23:13
035,40.015576,116.310917,2009-04-07 14:23:18
035,40.015797,116.310729,2009-04-07 14:23:23
035,40.016074,116.310481,2009-04-07 14:23:28
035,40.01634,116.310203,2009-04-07 14:23:33
035,40.016531,116.309978,2009-04-07 14:23:38
035,40.01661,116.309813,2009-04-07 14:23:43
035,40.016609,116.309577,2009-04-07 14:23:48
035,40.016532,116.309324,2009-04-07 14:23:53
035,40.016462,116.309015,2009-04-07 14:23:58
035,40.016391,116.308687,2009-04-07 14:24:03
035,40.016337,116.308405,2009-04-07 14:24:08
035,40.016283,116.308178,2009-04-07 14:24:13
035,40.016272,116.307944,2009-04-07 14:24:18
035,40.016223,116.307655,2009-04-07 14:24:23
035,40.016158,116.307356,2009-04-07 14:24:28
035,40.016106,116.307049,2009-04-07 14:24:33
035,40.016062,116.306821,2009-04-07 14:24:38
035,40.016032,116.306633,2009-04-07 14:24:43
035,40.016006,116.306446,2009-04-07 14:24:48
035,40.015972,116.306271,2009-04-07 14:24:53
035,40.015948,116.306115,2009-04-07 14:24:58
035,40.015923,116.305931,2009-04-07 14:25:03
035,40.0159,116.305737,2009-04-07 14:25:08
035,40.015881,116.305543,2009-04-07 14:25:13
035,40.015868,116.30536,2009-04-07 14:25:18
035,40.015846,116.305167,2009-04-07 14:25:23
035,40.015822,116.304972,2009-04-07 14:25:28
035,40.015806,116.304798,2009-04-07 14:25:33
035,40.015789,116.304569,2009-04-07 14:25:38
035,40.015752,116.304334,2009-04-07 14:25:43
035,40.015729,116.304148,2009-04-07 14:25:48
035,40.015733,116.303993,2009-04-07 14:25:53
035,40.015711,116.303738,2009-04-07 14:25:58
035,40.015698,116.303521,2009-04-07 14:26:03
035,40.015689,116.303339,2009-04-07 14:26:08
035,40.015664,116.303119,2009-04-07 14:26:13
035,40.015639,116.302824,2009-04-07 14:26:18
035,40.015596,116.302481,2009-04-07 14:26:23
035,40.015542,116.302153,2009-04-07 14:26:28
035,40.015499,116.301833,2009-04-07 14:26:33
035,40.015418,116.301508,2009-04-07 14:26:38
035,40.015349,116.301165,2009-04-07 14:26:43
035,40.015267,116.300844,2009-04-07 14:26:48
035,40.015181,116.300458,2009-04-07 14:26:53
035,40.015086,116.300082,2009-04-07 14:26:58
035,40.014995,116.299758,2009-04-07 14:27:03
035,40.014905,116.299529,2009-04-07 14:27:08
035,40.014713,116.299557,2009-04-07 14:27:13
035,40.014486,116.299624,2009-04-07 14:27:18
035,40.014258,116.299688,2009-04-07 14:27:23
035,40.014064,116.299627,2009-04-07 14:27:28
035,40.013964,116.299379,2009-04-07 14:27:33
035,40.013934,116.299083,2009-04-07 14:27:38
035,40.013937,116.298775,2009-04-07 14:27:43
035,40.013915,116.298492,2009-04-07 14:27:48
035,40.013871,116.298345,2009-04-07 14:27:53
035,40.013808,116.298236,2009-04-07 14:27:58
035,40.013716,116.298093,2009-04-07 14:28:03
035,40.01361,116.298026,2009-04-07 14:28:08
035,40.013469,116.298043,2009-04-07 14:28:13
035,40.013394,116.297954,2009-04-07 14:28:18
035,40.013385,116.297803,2009-04-07 14:28:23
035,40.013367,116.297617,2009-04-07 14:28:28
035,40.013352,116.2974,2009-04-07 14:28:33
035,40.013339,116.297164,2009-04-07 14:28:38
035,40.013312,116.296951,2009-04-07 14:28:43
035,40.013287,116.296758,2009-04-07 14:28:48
035,40.013294,116.296611,2009-04-07 14:28:53
035,40.013379,116.296563,2009-04-07 14:28:58
035,40.013428,116.29654,2009-04-07 14:29:03
035,40.013441,116.296537,2009-04-07 14:29:08
035,40.013455,116.296536,2009-04-07 14:29:13
035,40.013457,116.296529,2009-04-07 14:29:18
035,40.01346,116.296524,2009-04-07 14:29:23
035,40.013462,116.296522,2009-04-07 14:29:28
035,40.013465,116.296519,2009-04-07 14:29:33
035,40.013466,116.296518,2009-04-07 14:29:38
035,40.013466,116.296518,2009-04-07 14:29:43
035,40.013466,116.296518,2009-04-07 14:29:48
035,40.013466,116.296518,2009-04-07 14:29:53
035,40.013466,116.296518,2009-04-07 14:29:58
035,40.013466,116.296518,2009-04-07 14:30:03
035,40.013467,116.296517,2009-04-07 14:30:08
035,40.013467,116.296517,2009-04-07 14:30:13
035,40.013468,116.296517,2009-04-07 14:30:18
035,40.013468,116.296517,2009-04-07 14:30:23
035,40.013469,116.296516,2009-04-07 14:30:28
035,40.013469,116.296516,2009-04-07 14:30:33
035,40.013469,116.296516,2009-04-07 14:30:38
035,40.013469,116.296516,2009-04-07 14:30:43
035,40.01347,116.296515,2009-04-07 14:30:48
035,40.01347,116.296515,2009-04-07 14:30:53
035,40.013471,116.296515,2009-04-07 14:30:58
035,40.013471,116.296514,2009-04-07 14:31:03
035,40.013471,116.296514,2009-04-07 14:31:08
035,40.013472,116.296513,2009-04-07 14:31:13
035,40.013472,116.296513,2009-04-07 14:31:18
035,40.013473,116.296512,2009-04-07 14:31:23
035,40.013473,116.296511,2009-04-07 14:31:28
035,40.013474,116.296511,2009-04-07 14:31:33
035,40.013474,116.296511,2009-04-07 14:31:38
035,40.013474,116.29651,2009-04-07 14:31:43
035,40.013474,116.29651,2009-04-07 14:31:48
035,40.013474,116.29651,2009-04-07 14:31:53
035,40.013474,116.296509,2009-04-07 14:31:58
035,40.013474,116.296509,2009-04-07 14:32:03
035,40.013475,116.296508,2009-04-07 14:32:08
035,40.013475,116.296508,2009-04-07 14:32:13
035,40.013475,116.296507,2009-04-07 14:32:18
035,40.013475,116.296506,2009-04-07 14:32:23
035,40.013475,116.296506,2009-04-07 14:32:28
035,40.013475,116.296505,2009-04-07 14:32:33
035,40.013475,116.296505,2009-04-07 14:32:38
035,40.013475,116.296504,2009-04-07 14:32:43
035,40.013475,116.296504,2009-04-07 14:32:48
035,40.013475,116.296504,2009-04-07 14:32:53
035,40.013475,116.296504,2009-04-07 14:32:58
035,40.013475,116.296504,2009-04-07 14:33:03
035,40.013475,116.296504,2009-04-07 14:33:08
035,40.013475,116.296503,2009-04-07 14:33:13
035,40.013475,116.296503,2009-04-07 14:33:18
035,40.013475,116.296503,2009-04-07 14:33:23
035,40.013475,116.296503,2009-04-07 14:33:28
035,40.013475,116.296503,2009-04-07 14:33:33
035,40.013475,116.296503,2009-04-07 14:33:38
035,40.013475,116.296503,2009-04-07 14:33:43
035,40.013475,116.296503,2009-04-07 14:33:48
035,40.013475,116.296503,2009-04-07 14:33:53
035,40.013475,116.296503,2009-04-07 14:33:58
035,40.013475,116.296503,2009-04-07 14:34:03
035,40.013475,116.296503,2009-04-07 14:34:08
035,40.013475,116.296503,2009-04-07 14:34:13
035,40.013475,116.296503,2009-04-07 14:34:16
035,40.013475,116.296502,2009-04-07 14:34:18
