user_id,latitude,longtitude,timestamp
096,40.086127,116.320751,2008-11-07 09:08:36
096,40.086144,116.320752,2008-11-07 09:08:38
096,40.086078,116.320777,2008-11-07 09:08:40
096,40.083895,116.320845,2008-11-07 09:08:44
096,40.08386,116.320862,2008-11-07 09:08:46
096,40.08386,116.320861,2008-11-07 09:08:48
096,40.083934,116.320863,2008-11-07 09:08:50
096,40.083976,116.320865,2008-11-07 09:08:52
096,40.084018,116.320861,2008-11-07 09:08:54
096,40.084053,116.320863,2008-11-07 09:08:56
096,40.084078,116.320868,2008-11-07 09:08:58
096,40.084111,116.320872,2008-11-07 09:09:00
096,40.084112,116.32088,2008-11-07 09:09:02
096,40.084102,116.320898,2008-11-07 09:09:04
096,40.084095,116.320887,2008-11-07 09:09:06
096,40.084076,116.320893,2008-11-07 09:09:08
096,40.084075,116.320893,2008-11-07 09:09:10
096,40.084073,116.320894,2008-11-07 09:09:12
096,40.084072,116.320895,2008-11-07 09:09:14
096,40.084072,116.320897,2008-11-07 09:09:16
096,40.084073,116.320902,2008-11-07 09:09:18
096,40.084075,116.320909,2008-11-07 09:09:20
096,40.084082,116.320907,2008-11-07 09:09:22
096,40.084086,116.320911,2008-11-07 09:09:24
096,40.084089,116.320914,2008-11-07 09:09:26
096,40.084084,116.320931,2008-11-07 09:09:28
096,40.084069,116.320933,2008-11-07 09:09:30
096,40.08405,116.320907,2008-11-07 09:09:32
096,40.084017,116.320915,2008-11-07 09:09:34
096,40.084013,116.320915,2008-11-07 09:09:36
096,40.083962,116.320916,2008-11-07 09:09:38
096,40.083947,116.320906,2008-11-07 09:09:40
096,40.083939,116.320911,2008-11-07 09:09:42
096,40.08393,116.320914,2008-11-07 09:09:44
096,40.083918,116.320917,2008-11-07 09:09:46
096,40.083904,116.320907,2008-11-07 09:09:48
096,40.083899,116.320909,2008-11-07 09:09:50
096,40.083895,116.320907,2008-11-07 09:09:52
096,40.083891,116.320907,2008-11-07 09:09:54
096,40.08389,116.320903,2008-11-07 09:09:56
096,40.083889,116.320904,2008-11-07 09:09:58
096,40.083856,116.320913,2008-11-07 09:10:00
096,40.08382,116.320922,2008-11-07 09:10:02
096,40.083801,116.320933,2008-11-07 09:10:04
096,40.083775,116.320938,2008-11-07 09:10:06
096,40.083756,116.320941,2008-11-07 09:10:08
096,40.083761,116.320929,2008-11-07 09:10:10
096,40.083751,116.320919,2008-11-07 09:10:12
096,40.083738,116.320906,2008-11-07 09:10:14
096,40.083723,116.320899,2008-11-07 09:10:16
096,40.083721,116.320898,2008-11-07 09:10:18
096,40.083695,116.320889,2008-11-07 09:10:20
096,40.083706,116.32088,2008-11-07 09:10:22
096,40.08371,116.320868,2008-11-07 09:10:24
096,40.083704,116.320867,2008-11-07 09:10:26
096,40.083701,116.320867,2008-11-07 09:10:28
096,40.083699,116.320866,2008-11-07 09:10:30
096,40.083696,116.320864,2008-11-07 09:10:32
096,40.083696,116.320863,2008-11-07 09:10:34
096,40.083694,116.320864,2008-11-07 09:10:36
096,40.083686,116.320868,2008-11-07 09:10:38
096,40.08368,116.320875,2008-11-07 09:10:40
096,40.083684,116.320878,2008-11-07 09:10:42
096,40.083689,116.320872,2008-11-07 09:10:44
096,40.083689,116.320865,2008-11-07 09:10:46
096,40.083687,116.320868,2008-11-07 09:10:48
096,40.08369,116.320872,2008-11-07 09:10:50
096,40.083694,116.320875,2008-11-07 09:10:52
096,40.083694,116.320876,2008-11-07 09:10:54
096,40.083679,116.320894,2008-11-07 09:10:56
096,40.083673,116.320901,2008-11-07 09:10:58
096,40.083645,116.320911,2008-11-07 09:11:00
096,40.083635,116.320942,2008-11-07 09:11:02
096,40.083635,116.320953,2008-11-07 09:11:04
096,40.083636,116.320935,2008-11-07 09:11:06
096,40.083647,116.320866,2008-11-07 09:11:08
096,40.083641,116.320777,2008-11-07 09:11:10
096,40.083624,116.320667,2008-11-07 09:11:12
096,40.083606,116.320538,2008-11-07 09:11:14
096,40.083583,116.320386,2008-11-07 09:11:16
096,40.083556,116.320264,2008-11-07 09:11:18
096,40.083535,116.320178,2008-11-07 09:11:20
096,40.08353,116.320126,2008-11-07 09:11:22
096,40.08352,116.320047,2008-11-07 09:11:24
096,40.083507,116.319968,2008-11-07 09:11:26
096,40.083483,116.319868,2008-11-07 09:11:28
096,40.083443,116.319768,2008-11-07 09:11:30
096,40.083376,116.319724,2008-11-07 09:11:32
096,40.08327,116.319745,2008-11-07 09:11:34
096,40.08312,116.319812,2008-11-07 09:11:36
096,40.082935,116.319893,2008-11-07 09:11:38
096,40.082744,116.320009,2008-11-07 09:11:40
096,40.082528,116.32012,2008-11-07 09:11:42
096,40.082307,116.320223,2008-11-07 09:11:44
096,40.082087,116.320325,2008-11-07 09:11:46
096,40.08186,116.320437,2008-11-07 09:11:48
096,40.081618,116.320532,2008-11-07 09:11:50
096,40.081367,116.320625,2008-11-07 09:11:52
096,40.081137,116.320718,2008-11-07 09:11:54
096,40.080907,116.320816,2008-11-07 09:11:56
096,40.080701,116.320899,2008-11-07 09:11:58
096,40.080511,116.320972,2008-11-07 09:12:00
096,40.080313,116.32105,2008-11-07 09:12:02
096,40.080102,116.321146,2008-11-07 09:12:04
096,40.079881,116.321248,2008-11-07 09:12:06
096,40.079651,116.321347,2008-11-07 09:12:08
096,40.07943,116.321436,2008-11-07 09:12:10
096,40.079209,116.321544,2008-11-07 09:12:12
096,40.078968,116.321658,2008-11-07 09:12:14
096,40.07874,116.321766,2008-11-07 09:12:16
096,40.078505,116.321867,2008-11-07 09:12:18
096,40.078278,116.321956,2008-11-07 09:12:20
096,40.078059,116.322063,2008-11-07 09:12:22
096,40.077826,116.322157,2008-11-07 09:12:24
096,40.077622,116.322231,2008-11-07 09:12:26
096,40.077454,116.322288,2008-11-07 09:12:28
096,40.077321,116.322328,2008-11-07 09:12:30
096,40.077191,116.322377,2008-11-07 09:12:32
096,40.077059,116.322411,2008-11-07 09:12:34
096,40.076959,116.322444,2008-11-07 09:12:36
096,40.076871,116.322433,2008-11-07 09:12:38
096,40.076773,116.322374,2008-11-07 09:12:40
096,40.076681,116.322261,2008-11-07 09:12:42
096,40.076599,116.322111,2008-11-07 09:12:44
096,40.076531,116.321945,2008-11-07 09:12:46
096,40.076477,116.321811,2008-11-07 09:12:48
096,40.076483,116.321759,2008-11-07 09:12:50
096,40.076491,116.321752,2008-11-07 09:12:52
096,40.076501,116.321764,2008-11-07 09:12:54
096,40.076506,116.321767,2008-11-07 09:12:56
096,40.076512,116.321771,2008-11-07 09:12:58
096,40.076519,116.321777,2008-11-07 09:13:00
096,40.076525,116.321782,2008-11-07 09:13:02
096,40.076529,116.321784,2008-11-07 09:13:04
096,40.076524,116.321778,2008-11-07 09:13:06
096,40.076492,116.321624,2008-11-07 09:13:08
096,40.076455,116.321476,2008-11-07 09:13:10
096,40.076324,116.321356,2008-11-07 09:13:12
096,40.076266,116.321163,2008-11-07 09:13:14
096,40.076195,116.320947,2008-11-07 09:13:16
096,40.07614,116.320695,2008-11-07 09:13:18
096,40.076093,116.320424,2008-11-07 09:13:20
096,40.076009,116.320148,2008-11-07 09:13:22
096,40.075912,116.319833,2008-11-07 09:13:24
096,40.075815,116.319519,2008-11-07 09:13:26
096,40.075721,116.319192,2008-11-07 09:13:28
096,40.075648,116.318855,2008-11-07 09:13:30
096,40.075558,116.318535,2008-11-07 09:13:32
096,40.075457,116.318236,2008-11-07 09:13:34
096,40.07536,116.317965,2008-11-07 09:13:36
096,40.075282,116.317733,2008-11-07 09:13:38
096,40.075229,116.317527,2008-11-07 09:13:40
096,40.075176,116.317367,2008-11-07 09:13:42
096,40.075114,116.31723,2008-11-07 09:13:44
096,40.075054,116.317106,2008-11-07 09:13:46
096,40.075017,116.317004,2008-11-07 09:13:48
096,40.074997,116.316929,2008-11-07 09:13:50
096,40.075001,116.31687,2008-11-07 09:13:52
096,40.075019,116.316808,2008-11-07 09:13:54
096,40.075075,116.316694,2008-11-07 09:13:56
096,40.07507,116.316593,2008-11-07 09:13:58
096,40.075054,116.316479,2008-11-07 09:14:00
096,40.075,116.316338,2008-11-07 09:14:02
096,40.074938,116.316147,2008-11-07 09:14:04
096,40.074876,116.315927,2008-11-07 09:14:06
096,40.074801,116.31569,2008-11-07 09:14:08
096,40.0747,116.315433,2008-11-07 09:14:10
096,40.07462,116.315176,2008-11-07 09:14:12
096,40.074516,116.314917,2008-11-07 09:14:14
096,40.074443,116.31467,2008-11-07 09:14:16
096,40.074382,116.314447,2008-11-07 09:14:18
096,40.07433,116.314264,2008-11-07 09:14:20
096,40.074292,116.314129,2008-11-07 09:14:22
096,40.074266,116.314032,2008-11-07 09:14:24
096,40.074262,116.314036,2008-11-07 09:14:26
096,40.074273,116.314052,2008-11-07 09:14:28
096,40.074284,116.314062,2008-11-07 09:14:30
096,40.074279,116.314053,2008-11-07 09:14:32
096,40.074264,116.314043,2008-11-07 09:14:34
096,40.074256,116.314047,2008-11-07 09:14:36
096,40.074254,116.314054,2008-11-07 09:14:38
096,40.074257,116.314057,2008-11-07 09:14:40
096,40.074261,116.314061,2008-11-07 09:14:42
096,40.074262,116.314064,2008-11-07 09:14:44
096,40.074256,116.314059,2008-11-07 09:14:46
096,40.074233,116.314035,2008-11-07 09:14:48
096,40.074199,116.313981,2008-11-07 09:14:50
096,40.074167,116.313918,2008-11-07 09:14:52
096,40.074137,116.313874,2008-11-07 09:14:54
096,40.074083,116.313866,2008-11-07 09:14:56
096,40.074059,116.313857,2008-11-07 09:14:58
096,40.074078,116.313863,2008-11-07 09:15:00
096,40.074099,116.313875,2008-11-07 09:15:02
096,40.074149,116.313892,2008-11-07 09:15:04
096,40.074157,116.313893,2008-11-07 09:15:06
096,40.074165,116.313905,2008-11-07 09:15:08
096,40.074172,116.313925,2008-11-07 09:15:10
096,40.07418,116.31394,2008-11-07 09:15:12
096,40.074213,116.31395,2008-11-07 09:15:14
096,40.074208,116.313934,2008-11-07 09:15:16
096,40.074215,116.313904,2008-11-07 09:15:18
096,40.074212,116.313851,2008-11-07 09:15:20
096,40.074224,116.313824,2008-11-07 09:15:22
096,40.074237,116.313807,2008-11-07 09:15:24
096,40.074199,116.31378,2008-11-07 09:15:26
096,40.074183,116.31376,2008-11-07 09:15:28
096,40.074175,116.313751,2008-11-07 09:15:30
096,40.07419,116.313749,2008-11-07 09:15:32
096,40.074212,116.313745,2008-11-07 09:15:34
096,40.074211,116.313734,2008-11-07 09:15:36
096,40.074213,116.313717,2008-11-07 09:15:38
096,40.074219,116.313704,2008-11-07 09:15:40
096,40.074222,116.313694,2008-11-07 09:15:42
096,40.074235,116.313665,2008-11-07 09:15:44
096,40.074248,116.313614,2008-11-07 09:15:46
096,40.074223,116.313528,2008-11-07 09:15:48
096,40.07411,116.313368,2008-11-07 09:15:50
096,40.074029,116.313203,2008-11-07 09:15:52
096,40.073957,116.313007,2008-11-07 09:15:54
096,40.073952,116.312807,2008-11-07 09:15:56
096,40.073897,116.312615,2008-11-07 09:15:58
096,40.073842,116.312423,2008-11-07 09:16:00
096,40.073767,116.31224,2008-11-07 09:16:01
096,40.073665,116.31198,2008-11-07 09:16:04
096,40.073568,116.311727,2008-11-07 09:16:06
096,40.073469,116.311462,2008-11-07 09:16:08
096,40.073351,116.311171,2008-11-07 09:16:10
096,40.073275,116.31092,2008-11-07 09:16:12
096,40.073195,116.310678,2008-11-07 09:16:14
096,40.073085,116.310429,2008-11-07 09:16:16
096,40.073002,116.310177,2008-11-07 09:16:18
096,40.072925,116.309942,2008-11-07 09:16:20
096,40.072845,116.309709,2008-11-07 09:16:22
096,40.072764,116.309462,2008-11-07 09:16:24
096,40.072686,116.309223,2008-11-07 09:16:26
096,40.072606,116.308977,2008-11-07 09:16:28
096,40.07253,116.30873,2008-11-07 09:16:30
096,40.072457,116.308491,2008-11-07 09:16:32
096,40.072394,116.30827,2008-11-07 09:16:34
096,40.07233,116.308054,2008-11-07 09:16:36
096,40.072274,116.307841,2008-11-07 09:16:38
096,40.072242,116.307627,2008-11-07 09:16:40
096,40.072234,116.307418,2008-11-07 09:16:42
096,40.072265,116.307243,2008-11-07 09:16:44
096,40.07237,116.307128,2008-11-07 09:16:46
096,40.072528,116.307039,2008-11-07 09:16:48
096,40.07272,116.306939,2008-11-07 09:16:50
096,40.072909,116.306819,2008-11-07 09:16:52
096,40.073105,116.306679,2008-11-07 09:16:54
096,40.073308,116.306533,2008-11-07 09:16:56
096,40.073511,116.306395,2008-11-07 09:16:58
096,40.073691,116.306278,2008-11-07 09:17:00
096,40.073838,116.306209,2008-11-07 09:17:02
096,40.073979,116.306177,2008-11-07 09:17:04
096,40.074113,116.306167,2008-11-07 09:17:06
096,40.074231,116.306187,2008-11-07 09:17:08
096,40.074302,116.306261,2008-11-07 09:17:10
096,40.074332,116.306359,2008-11-07 09:17:12
096,40.074335,116.306436,2008-11-07 09:17:14
096,40.074278,116.306505,2008-11-07 09:17:16
096,40.07418,116.306577,2008-11-07 09:17:18
096,40.074074,116.306665,2008-11-07 09:17:20
096,40.073946,116.306779,2008-11-07 09:17:22
096,40.0738,116.306909,2008-11-07 09:17:24
096,40.073643,116.307044,2008-11-07 09:17:26
096,40.073476,116.307169,2008-11-07 09:17:28
096,40.073288,116.307314,2008-11-07 09:17:30
096,40.073095,116.307458,2008-11-07 09:17:32
096,40.0729,116.307633,2008-11-07 09:17:34
096,40.072703,116.307825,2008-11-07 09:17:36
096,40.072509,116.307998,2008-11-07 09:17:38
096,40.072312,116.308184,2008-11-07 09:17:40
096,40.071206,116.309062,2008-11-07 09:17:52
096,40.070991,116.309187,2008-11-07 09:17:54
096,40.070818,116.309299,2008-11-07 09:17:56
096,40.07063,116.309389,2008-11-07 09:17:58
096,40.070448,116.309431,2008-11-07 09:18:00
096,40.070262,116.309467,2008-11-07 09:18:02
096,40.070039,116.30953,2008-11-07 09:18:04
096,40.069831,116.309636,2008-11-07 09:18:06
096,40.06964,116.309768,2008-11-07 09:18:08
096,40.069446,116.309908,2008-11-07 09:18:10
096,40.069254,116.310053,2008-11-07 09:18:12
096,40.06907,116.310201,2008-11-07 09:18:14
096,40.068927,116.310349,2008-11-07 09:18:16
096,40.068796,116.310493,2008-11-07 09:18:18
096,40.068706,116.310604,2008-11-07 09:18:20
096,40.068638,116.310684,2008-11-07 09:18:22
096,40.068591,116.310741,2008-11-07 09:18:24
096,40.06855,116.310778,2008-11-07 09:18:26
096,40.068547,116.310792,2008-11-07 09:18:28
096,40.068548,116.310796,2008-11-07 09:18:30
096,40.068545,116.310794,2008-11-07 09:18:32
096,40.068541,116.310791,2008-11-07 09:18:34
096,40.068531,116.310793,2008-11-07 09:18:36
096,40.068504,116.310848,2008-11-07 09:18:38
096,40.068461,116.310938,2008-11-07 09:18:40
096,40.0684,116.311035,2008-11-07 09:18:42
096,40.068338,116.311145,2008-11-07 09:18:44
096,40.06826,116.311242,2008-11-07 09:18:46
096,40.068181,116.311339,2008-11-07 09:18:48
096,40.068121,116.311397,2008-11-07 09:18:50
096,40.068086,116.311429,2008-11-07 09:18:52
096,40.068061,116.311435,2008-11-07 09:18:54
096,40.06805,116.31145,2008-11-07 09:18:56
096,40.068047,116.311448,2008-11-07 09:18:58
096,40.068044,116.311446,2008-11-07 09:19:00
096,40.068042,116.311447,2008-11-07 09:19:02
096,40.068026,116.311476,2008-11-07 09:19:04
096,40.067989,116.311527,2008-11-07 09:19:06
096,40.067928,116.311581,2008-11-07 09:19:08
096,40.067851,116.311657,2008-11-07 09:19:10
096,40.067767,116.311737,2008-11-07 09:19:12
096,40.067702,116.311794,2008-11-07 09:19:14
096,40.067651,116.311835,2008-11-07 09:19:16
096,40.067599,116.311873,2008-11-07 09:19:18
096,40.067538,116.311946,2008-11-07 09:19:20
096,40.067466,116.31201,2008-11-07 09:19:22
096,40.067394,116.312092,2008-11-07 09:19:24
096,40.067322,116.312159,2008-11-07 09:19:26
096,40.067248,116.31221,2008-11-07 09:19:28
096,40.067181,116.312261,2008-11-07 09:19:30
096,40.067117,116.312324,2008-11-07 09:19:32
096,40.067058,116.312396,2008-11-07 09:19:34
096,40.06699,116.312472,2008-11-07 09:19:36
096,40.066916,116.312545,2008-11-07 09:19:38
096,40.066828,116.312601,2008-11-07 09:19:40
096,40.066741,116.312657,2008-11-07 09:19:42
096,40.066653,116.312716,2008-11-07 09:19:44
096,40.06659,116.312754,2008-11-07 09:19:46
096,40.066521,116.312778,2008-11-07 09:19:48
096,40.066466,116.312799,2008-11-07 09:19:50
096,40.066425,116.312818,2008-11-07 09:19:52
096,40.066391,116.312832,2008-11-07 09:19:54
096,40.066384,116.312841,2008-11-07 09:19:56
096,40.066385,116.312856,2008-11-07 09:19:58
096,40.066352,116.312892,2008-11-07 09:20:00
096,40.066316,116.312944,2008-11-07 09:20:02
096,40.066263,116.312999,2008-11-07 09:20:04
096,40.066183,116.313067,2008-11-07 09:20:06
096,40.066087,116.313131,2008-11-07 09:20:08
096,40.066008,116.313189,2008-11-07 09:20:10
096,40.065919,116.313261,2008-11-07 09:20:12
096,40.065836,116.313323,2008-11-07 09:20:14
096,40.065761,116.313385,2008-11-07 09:20:16
096,40.065686,116.313435,2008-11-07 09:20:18
096,40.065622,116.313486,2008-11-07 09:20:20
096,40.065549,116.313554,2008-11-07 09:20:22
096,40.065465,116.313641,2008-11-07 09:20:24
096,40.065383,116.31373,2008-11-07 09:20:26
096,40.065265,116.313835,2008-11-07 09:20:28
096,40.065086,116.313946,2008-11-07 09:20:30
096,40.06493,116.314059,2008-11-07 09:20:32
096,40.064762,116.314165,2008-11-07 09:20:34
096,40.064606,116.314264,2008-11-07 09:20:36
096,40.06446,116.314338,2008-11-07 09:20:38
096,40.064343,116.314429,2008-11-07 09:20:40
096,40.064217,116.314518,2008-11-07 09:20:42
096,40.064097,116.314609,2008-11-07 09:20:44
096,40.063992,116.314681,2008-11-07 09:20:46
096,40.063891,116.314757,2008-11-07 09:20:48
096,40.063819,116.314818,2008-11-07 09:20:50
096,40.063733,116.314895,2008-11-07 09:20:52
096,40.063636,116.314969,2008-11-07 09:20:54
096,40.063528,116.31506,2008-11-07 09:20:56
096,40.063411,116.31516,2008-11-07 09:20:58
096,40.063293,116.315239,2008-11-07 09:21:00
096,40.063177,116.315309,2008-11-07 09:21:02
096,40.063065,116.315376,2008-11-07 09:21:04
096,40.062964,116.315444,2008-11-07 09:21:06
096,40.062861,116.315516,2008-11-07 09:21:08
096,40.062715,116.315588,2008-11-07 09:21:10
096,40.062577,116.315657,2008-11-07 09:21:12
096,40.06242,116.315746,2008-11-07 09:21:14
096,40.062255,116.315848,2008-11-07 09:21:16
096,40.062088,116.315974,2008-11-07 09:21:18
096,40.061909,116.3161,2008-11-07 09:21:20
096,40.061723,116.316229,2008-11-07 09:21:22
096,40.061539,116.316346,2008-11-07 09:21:24
096,40.061379,116.316481,2008-11-07 09:21:26
096,40.061215,116.316614,2008-11-07 09:21:28
096,40.061039,116.316737,2008-11-07 09:21:30
096,40.06086,116.316868,2008-11-07 09:21:32
096,40.060697,116.316996,2008-11-07 09:21:34
096,40.060558,116.317101,2008-11-07 09:21:36
096,40.060436,116.317198,2008-11-07 09:21:38
096,40.060312,116.317305,2008-11-07 09:21:40
096,40.060175,116.317419,2008-11-07 09:21:42
096,40.060037,116.31753,2008-11-07 09:21:44
096,40.059896,116.317643,2008-11-07 09:21:46
096,40.059764,116.317746,2008-11-07 09:21:48
096,40.059646,116.317833,2008-11-07 09:21:50
096,40.059544,116.317899,2008-11-07 09:21:52
096,40.059463,116.317948,2008-11-07 09:21:54
096,40.059384,116.318007,2008-11-07 09:21:56
096,40.059302,116.318066,2008-11-07 09:21:58
096,40.059214,116.318135,2008-11-07 09:22:00
096,40.059113,116.318234,2008-11-07 09:22:02
096,40.058991,116.318324,2008-11-07 09:22:04
096,40.058867,116.318418,2008-11-07 09:22:06
096,40.058745,116.318498,2008-11-07 09:22:08
096,40.058642,116.318587,2008-11-07 09:22:10
096,40.058546,116.318666,2008-11-07 09:22:12
096,40.058455,116.31874,2008-11-07 09:22:14
096,40.058362,116.31881,2008-11-07 09:22:16
096,40.058247,116.318874,2008-11-07 09:22:18
096,40.058137,116.318938,2008-11-07 09:22:20
096,40.058041,116.319013,2008-11-07 09:22:22
096,40.057926,116.319081,2008-11-07 09:22:24
096,40.057797,116.31915,2008-11-07 09:22:26
096,40.057674,116.31921,2008-11-07 09:22:28
096,40.057573,116.319262,2008-11-07 09:22:30
096,40.057486,116.319309,2008-11-07 09:22:32
096,40.057401,116.319374,2008-11-07 09:22:34
096,40.05732,116.319457,2008-11-07 09:22:36
096,40.057212,116.319547,2008-11-07 09:22:38
096,40.057085,116.31964,2008-11-07 09:22:40
096,40.056957,116.319717,2008-11-07 09:22:42
096,40.056859,116.319796,2008-11-07 09:22:44
096,40.056763,116.319849,2008-11-07 09:22:46
096,40.056695,116.319893,2008-11-07 09:22:48
096,40.056638,116.319927,2008-11-07 09:22:50
096,40.056598,116.319961,2008-11-07 09:22:52
096,40.056551,116.319995,2008-11-07 09:22:54
096,40.056503,116.320032,2008-11-07 09:22:56
096,40.056471,116.320057,2008-11-07 09:22:58
096,40.056419,116.320094,2008-11-07 09:23:00
096,40.056379,116.320133,2008-11-07 09:23:02
096,40.056334,116.320184,2008-11-07 09:23:04
096,40.056302,116.320222,2008-11-07 09:23:06
096,40.056292,116.320241,2008-11-07 09:23:08
096,40.056289,116.320249,2008-11-07 09:23:10
096,40.056285,116.320251,2008-11-07 09:23:12
096,40.056278,116.320255,2008-11-07 09:23:14
096,40.056257,116.320281,2008-11-07 09:23:16
096,40.056233,116.320313,2008-11-07 09:23:18
096,40.056209,116.320337,2008-11-07 09:23:20
096,40.056194,116.320356,2008-11-07 09:23:22
096,40.056182,116.320379,2008-11-07 09:23:24
096,40.05616,116.320391,2008-11-07 09:23:26
096,40.056147,116.320402,2008-11-07 09:23:28
096,40.056137,116.320414,2008-11-07 09:23:30
096,40.056126,116.320425,2008-11-07 09:23:32
096,40.056126,116.320431,2008-11-07 09:23:34
096,40.056125,116.32044,2008-11-07 09:23:36
096,40.056122,116.320442,2008-11-07 09:23:38
096,40.05612,116.320443,2008-11-07 09:23:40
096,40.056118,116.320443,2008-11-07 09:23:42
096,40.056115,116.320445,2008-11-07 09:23:44
096,40.056111,116.320447,2008-11-07 09:23:46
096,40.056107,116.320449,2008-11-07 09:23:48
096,40.056105,116.32045,2008-11-07 09:23:50
096,40.056103,116.320451,2008-11-07 09:23:52
096,40.056101,116.320452,2008-11-07 09:23:54
096,40.0561,116.320452,2008-11-07 09:23:56
096,40.056098,116.320453,2008-11-07 09:23:58
096,40.056088,116.320463,2008-11-07 09:24:00
096,40.056072,116.320492,2008-11-07 09:24:02
096,40.056067,116.32052,2008-11-07 09:24:04
096,40.056034,116.320548,2008-11-07 09:24:06
096,40.056007,116.32056,2008-11-07 09:24:08
096,40.055987,116.320569,2008-11-07 09:24:10
096,40.055959,116.320577,2008-11-07 09:24:12
096,40.055941,116.320583,2008-11-07 09:24:14
096,40.05594,116.320584,2008-11-07 09:24:16
096,40.055942,116.320584,2008-11-07 09:24:18
096,40.055932,116.3206,2008-11-07 09:24:20
096,40.055898,116.32064,2008-11-07 09:24:22
096,40.055863,116.320691,2008-11-07 09:24:24
096,40.055826,116.320745,2008-11-07 09:24:26
096,40.055785,116.320801,2008-11-07 09:24:28
096,40.055748,116.32083,2008-11-07 09:24:30
096,40.055731,116.320851,2008-11-07 09:24:32
096,40.055713,116.320889,2008-11-07 09:24:34
096,40.055681,116.320931,2008-11-07 09:24:36
096,40.05563,116.320988,2008-11-07 09:24:38
096,40.055572,116.321035,2008-11-07 09:24:40
096,40.055514,116.321083,2008-11-07 09:24:42
096,40.055462,116.321125,2008-11-07 09:24:44
096,40.055406,116.321156,2008-11-07 09:24:46
096,40.055358,116.32122,2008-11-07 09:24:48
096,40.055303,116.321276,2008-11-07 09:24:50
096,40.055263,116.321312,2008-11-07 09:24:52
096,40.055221,116.321333,2008-11-07 09:24:54
096,40.055183,116.321361,2008-11-07 09:24:56
096,40.055141,116.321383,2008-11-07 09:24:58
096,40.055118,116.321401,2008-11-07 09:25:00
096,40.055091,116.321419,2008-11-07 09:25:02
096,40.055053,116.321447,2008-11-07 09:25:04
096,40.055021,116.321479,2008-11-07 09:25:06
096,40.054976,116.321502,2008-11-07 09:25:08
096,40.054915,116.321527,2008-11-07 09:25:10
096,40.054871,116.321545,2008-11-07 09:25:12
096,40.054823,116.321561,2008-11-07 09:25:14
096,40.054773,116.321588,2008-11-07 09:25:16
096,40.054715,116.321615,2008-11-07 09:25:18
096,40.054674,116.321644,2008-11-07 09:25:20
096,40.054636,116.321667,2008-11-07 09:25:22
096,40.05461,116.321688,2008-11-07 09:25:24
096,40.054406,116.321799,2008-11-07 09:28:26
096,40.054313,116.321858,2008-11-07 09:28:28
096,40.054229,116.321926,2008-11-07 09:28:30
096,40.054135,116.321999,2008-11-07 09:28:32
096,40.054004,116.322101,2008-11-07 09:28:34
096,40.053896,116.322194,2008-11-07 09:28:36
096,40.05379,116.322282,2008-11-07 09:28:38
096,40.053707,116.322368,2008-11-07 09:28:40
096,40.053619,116.322465,2008-11-07 09:28:42
096,40.053526,116.322541,2008-11-07 09:28:44
096,40.053449,116.322611,2008-11-07 09:28:46
096,40.053362,116.322701,2008-11-07 09:28:48
096,40.053267,116.32278,2008-11-07 09:28:50
096,40.05316,116.322864,2008-11-07 09:28:52
096,40.053049,116.322943,2008-11-07 09:28:54
096,40.052941,116.323022,2008-11-07 09:28:56
096,40.052832,116.323101,2008-11-07 09:28:58
096,40.052733,116.323164,2008-11-07 09:29:00
096,40.052627,116.323234,2008-11-07 09:29:02
096,40.052537,116.323313,2008-11-07 09:29:04
096,40.052447,116.323351,2008-11-07 09:29:06
096,40.052384,116.323419,2008-11-07 09:29:08
096,40.052307,116.32348,2008-11-07 09:29:10
096,40.05222,116.323534,2008-11-07 09:29:12
096,40.052143,116.32357,2008-11-07 09:29:14
096,40.052074,116.323611,2008-11-07 09:29:16
096,40.052017,116.323632,2008-11-07 09:29:18
096,40.051969,116.323651,2008-11-07 09:29:20
096,40.051906,116.323678,2008-11-07 09:29:22
096,40.051842,116.323709,2008-11-07 09:29:24
096,40.051787,116.323744,2008-11-07 09:29:26
096,40.051728,116.32378,2008-11-07 09:29:28
096,40.05166,116.323824,2008-11-07 09:29:30
096,40.05158,116.323858,2008-11-07 09:29:32
096,40.051518,116.323889,2008-11-07 09:29:34
096,40.051477,116.323914,2008-11-07 09:29:36
096,40.051441,116.323928,2008-11-07 09:29:38
096,40.051426,116.323937,2008-11-07 09:29:40
096,40.051426,116.323937,2008-11-07 09:29:42
096,40.051426,116.323938,2008-11-07 09:29:44
096,40.051426,116.323937,2008-11-07 09:29:46
096,40.051425,116.323937,2008-11-07 09:29:48
096,40.051425,116.323937,2008-11-07 09:29:50
096,40.051426,116.323936,2008-11-07 09:29:52
096,40.051422,116.323941,2008-11-07 09:29:54
096,40.051395,116.323964,2008-11-07 09:29:56
096,40.051355,116.323995,2008-11-07 09:29:58
096,40.051326,116.324013,2008-11-07 09:30:00
096,40.051319,116.324018,2008-11-07 09:30:02
096,40.051323,116.32403,2008-11-07 09:30:04
096,40.051323,116.32403,2008-11-07 09:30:06
096,40.051321,116.324032,2008-11-07 09:30:08
096,40.051302,116.324056,2008-11-07 09:30:10
096,40.051259,116.324092,2008-11-07 09:30:12
096,40.051211,116.32412,2008-11-07 09:30:14
096,40.05118,116.324122,2008-11-07 09:30:16
096,40.051179,116.324116,2008-11-07 09:30:18
096,40.051191,116.324106,2008-11-07 09:30:20
096,40.051194,116.324105,2008-11-07 09:30:22
096,40.051197,116.324104,2008-11-07 09:30:24
096,40.051199,116.324103,2008-11-07 09:30:26
096,40.051203,116.324101,2008-11-07 09:30:28
096,40.051205,116.324099,2008-11-07 09:30:30
096,40.051202,116.3241,2008-11-07 09:30:32
096,40.051175,116.324094,2008-11-07 09:30:34
096,40.051145,116.324098,2008-11-07 09:30:36
096,40.051118,116.324043,2008-11-07 09:30:38
096,40.051097,116.32403,2008-11-07 09:30:40
096,40.051066,116.323995,2008-11-07 09:30:42
096,40.051049,116.32401,2008-11-07 09:30:44
096,40.051041,116.324061,2008-11-07 09:30:46
096,40.051011,116.324136,2008-11-07 09:30:48
096,40.050924,116.324215,2008-11-07 09:30:50
096,40.05081,116.324325,2008-11-07 09:30:52
096,40.050678,116.324463,2008-11-07 09:30:54
096,40.050532,116.324622,2008-11-07 09:30:56
096,40.050381,116.32479,2008-11-07 09:30:58
096,40.050227,116.324952,2008-11-07 09:31:00
096,40.050066,116.325108,2008-11-07 09:31:02
096,40.049883,116.325262,2008-11-07 09:31:04
096,40.049664,116.325408,2008-11-07 09:31:06
096,40.049454,116.325553,2008-11-07 09:31:08
096,40.049257,116.325708,2008-11-07 09:31:10
096,40.049062,116.325871,2008-11-07 09:31:12
096,40.048861,116.326018,2008-11-07 09:31:14
096,40.048654,116.326186,2008-11-07 09:31:16
096,40.048459,116.326337,2008-11-07 09:31:18
096,40.048244,116.326487,2008-11-07 09:31:20
096,40.048029,116.326642,2008-11-07 09:31:22
096,40.047813,116.326785,2008-11-07 09:31:24
096,40.047607,116.326952,2008-11-07 09:31:26
096,40.047391,116.327117,2008-11-07 09:31:28
096,40.047176,116.327272,2008-11-07 09:31:30
096,40.046959,116.327425,2008-11-07 09:31:32
096,40.046759,116.327595,2008-11-07 09:31:34
096,40.046548,116.327752,2008-11-07 09:31:36
096,40.046355,116.32791,2008-11-07 09:31:38
096,40.046155,116.328065,2008-11-07 09:31:40
096,40.045951,116.328219,2008-11-07 09:31:42
096,40.04576,116.328368,2008-11-07 09:31:44
096,40.045569,116.328524,2008-11-07 09:31:46
096,40.045379,116.32868,2008-11-07 09:31:48
096,40.045191,116.328825,2008-11-07 09:31:50
096,40.045031,116.328937,2008-11-07 09:31:52
096,40.044935,116.329027,2008-11-07 09:31:54
096,40.044837,116.329098,2008-11-07 09:31:56
096,40.044759,116.329146,2008-11-07 09:31:58
096,40.044673,116.329207,2008-11-07 09:32:00
096,40.04457,116.329283,2008-11-07 09:32:02
096,40.044452,116.329373,2008-11-07 09:32:04
096,40.044324,116.329468,2008-11-07 09:32:06
096,40.04419,116.32955,2008-11-07 09:32:08
096,40.044075,116.329639,2008-11-07 09:32:10
096,40.043978,116.329722,2008-11-07 09:32:12
096,40.043885,116.329782,2008-11-07 09:32:14
096,40.043796,116.329853,2008-11-07 09:32:16
096,40.043721,116.329934,2008-11-07 09:32:18
096,40.043636,116.330008,2008-11-07 09:32:20
096,40.043552,116.330066,2008-11-07 09:32:22
096,40.043459,116.330115,2008-11-07 09:32:24
096,40.043349,116.330164,2008-11-07 09:32:26
096,40.043263,116.330197,2008-11-07 09:32:28
096,40.043186,116.330214,2008-11-07 09:32:30
096,40.043146,116.330281,2008-11-07 09:32:32
096,40.043104,116.330324,2008-11-07 09:32:34
096,40.043074,116.330385,2008-11-07 09:32:36
096,40.043031,116.330433,2008-11-07 09:32:38
096,40.042981,116.330474,2008-11-07 09:32:40
096,40.042929,116.330533,2008-11-07 09:32:42
096,40.042882,116.330579,2008-11-07 09:32:44
096,40.04283,116.330631,2008-11-07 09:32:46
096,40.04279,116.330688,2008-11-07 09:32:48
096,40.042738,116.330708,2008-11-07 09:32:50
096,40.042725,116.330718,2008-11-07 09:32:52
096,40.042712,116.330722,2008-11-07 09:32:54
096,40.042705,116.330727,2008-11-07 09:32:56
096,40.042673,116.330738,2008-11-07 09:32:58
096,40.042607,116.330766,2008-11-07 09:33:00
096,40.042549,116.330805,2008-11-07 09:33:02
096,40.042499,116.330836,2008-11-07 09:33:04
096,40.042461,116.330854,2008-11-07 09:33:06
096,40.042415,116.330877,2008-11-07 09:33:08
096,40.042362,116.330901,2008-11-07 09:33:10
096,40.0423,116.330955,2008-11-07 09:33:12
096,40.042217,116.331013,2008-11-07 09:33:14
096,40.042123,116.33105,2008-11-07 09:33:16
096,40.042052,116.331083,2008-11-07 09:33:18
096,40.041991,116.331111,2008-11-07 09:33:20
096,40.041936,116.331127,2008-11-07 09:33:22
096,40.041874,116.331146,2008-11-07 09:33:24
096,40.041823,116.331162,2008-11-07 09:33:26
096,40.041775,116.331157,2008-11-07 09:33:28
096,40.041753,116.33116,2008-11-07 09:33:30
096,40.041741,116.331164,2008-11-07 09:33:32
096,40.041738,116.331167,2008-11-07 09:33:34
096,40.041737,116.331168,2008-11-07 09:33:36
096,40.041735,116.331168,2008-11-07 09:33:38
096,40.041732,116.331171,2008-11-07 09:33:40
096,40.041729,116.331173,2008-11-07 09:33:42
096,40.04172,116.331179,2008-11-07 09:33:44
096,40.04169,116.331201,2008-11-07 09:33:46
096,40.041649,116.331232,2008-11-07 09:33:48
096,40.04163,116.331252,2008-11-07 09:33:50
096,40.04162,116.331258,2008-11-07 09:33:52
096,40.041594,116.331294,2008-11-07 09:33:54
096,40.041565,116.331321,2008-11-07 09:33:56
096,40.041542,116.331343,2008-11-07 09:33:58
096,40.041532,116.331348,2008-11-07 09:34:00
096,40.041527,116.331359,2008-11-07 09:34:02
096,40.041528,116.331374,2008-11-07 09:34:04
096,40.041527,116.331375,2008-11-07 09:34:06
096,40.041525,116.331376,2008-11-07 09:34:08
096,40.041524,116.331377,2008-11-07 09:34:10
096,40.041525,116.331377,2008-11-07 09:34:12
096,40.041527,116.331376,2008-11-07 09:34:14
096,40.041524,116.331378,2008-11-07 09:34:16
096,40.041526,116.331373,2008-11-07 09:34:18
096,40.041526,116.331372,2008-11-07 09:34:20
096,40.041524,116.331373,2008-11-07 09:34:22
096,40.041524,116.331374,2008-11-07 09:34:24
096,40.041522,116.331375,2008-11-07 09:34:26
096,40.041522,116.331375,2008-11-07 09:34:28
096,40.041521,116.331376,2008-11-07 09:34:30
096,40.041521,116.331377,2008-11-07 09:34:32
096,40.04152,116.331377,2008-11-07 09:34:34
096,40.041517,116.331378,2008-11-07 09:34:36
096,40.041515,116.33138,2008-11-07 09:34:38
096,40.041513,116.331381,2008-11-07 09:34:40
096,40.041512,116.331382,2008-11-07 09:34:42
096,40.041509,116.331384,2008-11-07 09:34:44
096,40.041507,116.331386,2008-11-07 09:34:46
096,40.041506,116.331387,2008-11-07 09:34:48
096,40.041506,116.331388,2008-11-07 09:34:50
096,40.041485,116.331399,2008-11-07 09:34:52
096,40.041456,116.331415,2008-11-07 09:34:54
096,40.041429,116.331413,2008-11-07 09:34:56
096,40.041417,116.331423,2008-11-07 09:34:58
096,40.041408,116.331441,2008-11-07 09:35:00
096,40.041407,116.331472,2008-11-07 09:35:02
096,40.041402,116.331496,2008-11-07 09:35:04
096,40.041398,116.331508,2008-11-07 09:35:06
096,40.041396,116.331533,2008-11-07 09:35:08
096,40.041393,116.331536,2008-11-07 09:35:10
096,40.041389,116.331539,2008-11-07 09:35:12
096,40.041387,116.33154,2008-11-07 09:35:14
096,40.041386,116.331542,2008-11-07 09:35:16
096,40.041386,116.331544,2008-11-07 09:35:18
096,40.041385,116.331545,2008-11-07 09:35:20
096,40.041385,116.331546,2008-11-07 09:35:22
096,40.041385,116.331546,2008-11-07 09:35:24
096,40.041383,116.33155,2008-11-07 09:35:26
096,40.041368,116.331553,2008-11-07 09:35:28
096,40.041344,116.331564,2008-11-07 09:35:30
096,40.041315,116.331575,2008-11-07 09:35:32
096,40.041289,116.331582,2008-11-07 09:35:34
096,40.041274,116.331584,2008-11-07 09:35:36
096,40.041255,116.331573,2008-11-07 09:35:38
096,40.041238,116.331568,2008-11-07 09:35:40
096,40.041048,116.331798,2008-11-07 09:38:20
096,40.04098,116.331856,2008-11-07 09:38:22
096,40.040904,116.331922,2008-11-07 09:38:24
096,40.040816,116.332018,2008-11-07 09:38:26
096,40.040714,116.332088,2008-11-07 09:38:28
096,40.040617,116.332178,2008-11-07 09:38:30
096,40.040529,116.332253,2008-11-07 09:38:32
096,40.040458,116.3323,2008-11-07 09:38:34
096,40.040393,116.332352,2008-11-07 09:38:36
096,40.040312,116.332417,2008-11-07 09:38:38
096,40.040212,116.332495,2008-11-07 09:38:40
096,40.04012,116.332563,2008-11-07 09:38:42
096,40.040019,116.33265,2008-11-07 09:38:44
096,40.039898,116.332748,2008-11-07 09:38:46
096,40.039799,116.332823,2008-11-07 09:38:48
096,40.039727,116.332889,2008-11-07 09:38:50
096,40.039646,116.332952,2008-11-07 09:38:52
096,40.039563,116.333012,2008-11-07 09:38:54
096,40.039484,116.333062,2008-11-07 09:38:56
096,40.039399,116.3331,2008-11-07 09:38:58
096,40.039337,116.333144,2008-11-07 09:39:00
096,40.03927,116.333189,2008-11-07 09:39:02
096,40.039188,116.333255,2008-11-07 09:39:04
096,40.039113,116.333308,2008-11-07 09:39:06
096,40.039025,116.333369,2008-11-07 09:39:08
096,40.03894,116.33342,2008-11-07 09:39:10
096,40.038867,116.333482,2008-11-07 09:39:12
096,40.038789,116.333574,2008-11-07 09:39:14
096,40.038733,116.333631,2008-11-07 09:39:16
096,40.038685,116.33367,2008-11-07 09:39:18
096,40.038662,116.333698,2008-11-07 09:39:20
096,40.038645,116.333716,2008-11-07 09:39:22
096,40.038642,116.333722,2008-11-07 09:39:24
096,40.03864,116.333724,2008-11-07 09:39:26
096,40.03864,116.333724,2008-11-07 09:39:28
096,40.03864,116.333724,2008-11-07 09:39:30
096,40.038639,116.333725,2008-11-07 09:39:32
096,40.038638,116.333727,2008-11-07 09:39:34
096,40.038637,116.333728,2008-11-07 09:39:36
096,40.038636,116.33373,2008-11-07 09:39:38
096,40.038636,116.33373,2008-11-07 09:39:40
096,40.038636,116.333729,2008-11-07 09:39:42
096,40.038637,116.333729,2008-11-07 09:39:44
096,40.038637,116.333729,2008-11-07 09:39:46
096,40.038638,116.333727,2008-11-07 09:39:48
096,40.03864,116.333726,2008-11-07 09:39:50
096,40.03864,116.333726,2008-11-07 09:39:52
096,40.038639,116.333727,2008-11-07 09:39:54
096,40.038638,116.333727,2008-11-07 09:39:56
096,40.038638,116.333728,2008-11-07 09:39:58
096,40.038638,116.333728,2008-11-07 09:40:00
096,40.038637,116.333728,2008-11-07 09:40:02
096,40.038637,116.333728,2008-11-07 09:40:04
096,40.038636,116.333728,2008-11-07 09:40:06
096,40.038635,116.333729,2008-11-07 09:40:08
096,40.038634,116.333728,2008-11-07 09:40:10
096,40.038634,116.333728,2008-11-07 09:40:12
096,40.038633,116.333728,2008-11-07 09:40:14
096,40.038633,116.333729,2008-11-07 09:40:16
096,40.038632,116.33373,2008-11-07 09:40:18
096,40.038632,116.333729,2008-11-07 09:40:20
096,40.038631,116.33373,2008-11-07 09:40:22
096,40.038631,116.33373,2008-11-07 09:40:24
096,40.038631,116.333731,2008-11-07 09:40:26
096,40.03863,116.333732,2008-11-07 09:40:28
096,40.038628,116.333734,2008-11-07 09:40:30
096,40.038626,116.333736,2008-11-07 09:40:32
096,40.038624,116.333738,2008-11-07 09:40:34
096,40.038621,116.333741,2008-11-07 09:40:36
096,40.038619,116.333743,2008-11-07 09:40:38
096,40.038617,116.333745,2008-11-07 09:40:40
096,40.038615,116.333746,2008-11-07 09:40:42
096,40.038613,116.333748,2008-11-07 09:40:44
096,40.038612,116.333749,2008-11-07 09:40:46
096,40.038609,116.333752,2008-11-07 09:40:48
096,40.038606,116.333754,2008-11-07 09:40:50
096,40.038604,116.333756,2008-11-07 09:40:52
096,40.038602,116.333759,2008-11-07 09:40:54
096,40.038601,116.33376,2008-11-07 09:40:56
096,40.038598,116.333762,2008-11-07 09:40:58
096,40.038595,116.333765,2008-11-07 09:41:00
096,40.038593,116.333767,2008-11-07 09:41:02
096,40.038592,116.333768,2008-11-07 09:41:04
096,40.038589,116.333771,2008-11-07 09:41:06
096,40.038586,116.333773,2008-11-07 09:41:08
096,40.038583,116.333776,2008-11-07 09:41:10
096,40.038581,116.333778,2008-11-07 09:41:12
096,40.03858,116.333778,2008-11-07 09:41:14
096,40.03858,116.333777,2008-11-07 09:41:16
096,40.03858,116.333777,2008-11-07 09:41:18
096,40.038581,116.333776,2008-11-07 09:41:20
096,40.038583,116.333773,2008-11-07 09:41:22
096,40.038586,116.333769,2008-11-07 09:41:24
096,40.038589,116.333766,2008-11-07 09:41:26
096,40.038591,116.333765,2008-11-07 09:41:28
096,40.03859,116.333765,2008-11-07 09:41:30
096,40.038589,116.333766,2008-11-07 09:41:32
096,40.038588,116.333768,2008-11-07 09:41:34
096,40.038586,116.333769,2008-11-07 09:41:36
096,40.038584,116.333772,2008-11-07 09:41:38
096,40.038582,116.333774,2008-11-07 09:41:40
096,40.03858,116.333777,2008-11-07 09:41:42
096,40.038579,116.333778,2008-11-07 09:41:44
096,40.038577,116.33378,2008-11-07 09:41:46
096,40.038576,116.333781,2008-11-07 09:41:48
096,40.038577,116.33378,2008-11-07 09:41:50
096,40.038579,116.333778,2008-11-07 09:41:52
096,40.038579,116.333778,2008-11-07 09:41:54
096,40.038579,116.333778,2008-11-07 09:41:56
096,40.038577,116.333779,2008-11-07 09:41:58
096,40.038577,116.333779,2008-11-07 09:42:00
096,40.03857,116.333784,2008-11-07 09:42:02
096,40.038542,116.333804,2008-11-07 09:42:04
096,40.03849,116.333861,2008-11-07 09:42:06
096,40.038429,116.333922,2008-11-07 09:42:08
096,40.03835,116.333991,2008-11-07 09:42:10
096,40.038268,116.334067,2008-11-07 09:42:12
096,40.03819,116.334144,2008-11-07 09:42:14
096,40.038112,116.334219,2008-11-07 09:42:16
096,40.038056,116.3343,2008-11-07 09:42:18
096,40.038016,116.334362,2008-11-07 09:42:20
096,40.03799,116.334387,2008-11-07 09:42:22
096,40.037948,116.334414,2008-11-07 09:42:24
096,40.037889,116.334451,2008-11-07 09:42:26
096,40.037818,116.334483,2008-11-07 09:42:28
096,40.03776,116.334488,2008-11-07 09:42:30
096,40.037696,116.334487,2008-11-07 09:42:32
096,40.037641,116.334485,2008-11-07 09:42:34
096,40.037594,116.334473,2008-11-07 09:42:36
096,40.037502,116.334426,2008-11-07 09:42:38
096,40.037418,116.334351,2008-11-07 09:42:40
096,40.037349,116.334267,2008-11-07 09:42:42
096,40.037289,116.33417,2008-11-07 09:42:44
096,40.037249,116.334082,2008-11-07 09:42:46
096,40.037211,116.333996,2008-11-07 09:42:48
096,40.037178,116.333917,2008-11-07 09:42:50
096,40.037152,116.333848,2008-11-07 09:42:52
096,40.037125,116.3338,2008-11-07 09:42:54
096,40.037078,116.333765,2008-11-07 09:42:56
096,40.037055,116.333738,2008-11-07 09:42:58
096,40.037047,116.333731,2008-11-07 09:43:00
096,40.037044,116.333732,2008-11-07 09:43:02
096,40.037041,116.333733,2008-11-07 09:43:04
096,40.037039,116.333733,2008-11-07 09:43:06
096,40.037039,116.333733,2008-11-07 09:43:08
096,40.037041,116.333725,2008-11-07 09:43:10
096,40.037049,116.333687,2008-11-07 09:43:12
096,40.037027,116.333599,2008-11-07 09:43:14
096,40.037011,116.333502,2008-11-07 09:43:16
096,40.036981,116.333401,2008-11-07 09:43:18
096,40.036951,116.333308,2008-11-07 09:43:20
096,40.036914,116.333206,2008-11-07 09:43:22
096,40.036887,116.333111,2008-11-07 09:43:24
096,40.036858,116.333005,2008-11-07 09:43:26
096,40.036831,116.332901,2008-11-07 09:43:28
096,40.0368,116.332818,2008-11-07 09:43:30
096,40.036767,116.332745,2008-11-07 09:43:32
096,40.036719,116.332687,2008-11-07 09:43:34
096,40.036684,116.332641,2008-11-07 09:43:36
096,40.036653,116.332596,2008-11-07 09:43:38
096,40.036631,116.332518,2008-11-07 09:43:40
096,40.036623,116.332392,2008-11-07 09:43:42
096,40.036619,116.332268,2008-11-07 09:43:44
096,40.03658,116.332142,2008-11-07 09:43:46
096,40.036524,116.332006,2008-11-07 09:43:48
096,40.036514,116.331882,2008-11-07 09:43:50
096,40.036505,116.331788,2008-11-07 09:43:52
096,40.03645,116.331687,2008-11-07 09:43:54
096,40.036393,116.331588,2008-11-07 09:43:56
096,40.036343,116.331516,2008-11-07 09:43:58
096,40.0363,116.331459,2008-11-07 09:44:00
096,40.036256,116.331397,2008-11-07 09:44:02
096,40.036252,116.331354,2008-11-07 09:44:04
096,40.036244,116.331325,2008-11-07 09:44:06
096,40.036235,116.33131,2008-11-07 09:44:08
096,40.036225,116.331301,2008-11-07 09:44:10
096,40.03622,116.331294,2008-11-07 09:44:12
096,40.03622,116.331292,2008-11-07 09:44:14
096,40.03622,116.331292,2008-11-07 09:44:16
096,40.036227,116.331293,2008-11-07 09:44:18
096,40.036241,116.331291,2008-11-07 09:44:20
096,40.036254,116.331289,2008-11-07 09:44:22
096,40.036266,116.331292,2008-11-07 09:44:24
096,40.036281,116.331291,2008-11-07 09:44:26
096,40.036293,116.331285,2008-11-07 09:44:28
096,40.036306,116.331276,2008-11-07 09:44:30
096,40.03632,116.331267,2008-11-07 09:44:32
096,40.036331,116.331256,2008-11-07 09:44:34
096,40.036339,116.33125,2008-11-07 09:44:36
096,40.036343,116.331246,2008-11-07 09:44:38
096,40.036342,116.331237,2008-11-07 09:44:40
096,40.036293,116.331097,2008-11-07 09:44:42
096,40.036248,116.331036,2008-11-07 09:44:44
096,40.03622,116.330952,2008-11-07 09:44:46
096,40.036198,116.330878,2008-11-07 09:44:48
096,40.036164,116.330815,2008-11-07 09:44:50
096,40.036144,116.330772,2008-11-07 09:44:52
096,40.036127,116.330726,2008-11-07 09:44:54
096,40.036102,116.330688,2008-11-07 09:44:56
096,40.036081,116.330639,2008-11-07 09:44:58
096,40.036048,116.330585,2008-11-07 09:45:00
096,40.03604,116.330568,2008-11-07 09:45:02
096,40.03604,116.330558,2008-11-07 09:45:04
096,40.036043,116.330555,2008-11-07 09:45:06
096,40.036045,116.330545,2008-11-07 09:45:08
096,40.036046,116.33053,2008-11-07 09:45:10
096,40.036048,116.330512,2008-11-07 09:45:12
096,40.03604,116.330507,2008-11-07 09:45:14
096,40.036024,116.330501,2008-11-07 09:45:16
096,40.036033,116.330506,2008-11-07 09:45:18
096,40.036036,116.330499,2008-11-07 09:45:20
096,40.036036,116.330499,2008-11-07 09:45:22
096,40.036035,116.330499,2008-11-07 09:45:24
096,40.036033,116.330501,2008-11-07 09:45:26
096,40.036031,116.330502,2008-11-07 09:45:28
096,40.03603,116.330502,2008-11-07 09:45:30
096,40.036028,116.330503,2008-11-07 09:45:32
096,40.036011,116.330506,2008-11-07 09:45:34
096,40.035988,116.330509,2008-11-07 09:45:36
096,40.035968,116.330504,2008-11-07 09:45:38
096,40.035951,116.330498,2008-11-07 09:45:40
096,40.035948,116.3305,2008-11-07 09:45:42
096,40.035944,116.330502,2008-11-07 09:45:44
096,40.035941,116.330503,2008-11-07 09:45:46
096,40.035941,116.330503,2008-11-07 09:45:48
096,40.035942,116.3305,2008-11-07 09:45:50
096,40.035926,116.330483,2008-11-07 09:45:52
096,40.035923,116.33047,2008-11-07 09:45:54
096,40.035909,116.33045,2008-11-07 09:45:56
096,40.035907,116.330437,2008-11-07 09:45:58
096,40.035878,116.330384,2008-11-07 09:46:00
096,40.035828,116.330293,2008-11-07 09:46:02
096,40.035798,116.330203,2008-11-07 09:46:04
096,40.035764,116.330116,2008-11-07 09:46:06
096,40.035734,116.33003,2008-11-07 09:46:08
096,40.035693,116.329915,2008-11-07 09:46:10
096,40.035673,116.329817,2008-11-07 09:46:12
096,40.035651,116.329711,2008-11-07 09:46:14
096,40.035618,116.329581,2008-11-07 09:46:16
096,40.035581,116.329437,2008-11-07 09:46:18
096,40.035538,116.329297,2008-11-07 09:46:20
096,40.035503,116.329147,2008-11-07 09:46:22
096,40.035481,116.328982,2008-11-07 09:46:24
096,40.035448,116.328783,2008-11-07 09:46:26
096,40.035411,116.328581,2008-11-07 09:46:28
096,40.035364,116.32837,2008-11-07 09:46:30
096,40.035321,116.328147,2008-11-07 09:46:32
096,40.035319,116.327863,2008-11-07 09:46:34
096,40.035264,116.327587,2008-11-07 09:46:36
096,40.035222,116.327315,2008-11-07 09:46:38
096,40.035157,116.327033,2008-11-07 09:46:40
096,40.035121,116.326763,2008-11-07 09:46:42
096,40.035093,116.326488,2008-11-07 09:46:44
096,40.035085,116.326217,2008-11-07 09:46:46
096,40.035072,116.325953,2008-11-07 09:46:48
096,40.035056,116.325675,2008-11-07 09:46:50
096,40.035027,116.325381,2008-11-07 09:46:52
096,40.03499,116.325095,2008-11-07 09:46:54
096,40.034951,116.324829,2008-11-07 09:46:56
096,40.034927,116.324594,2008-11-07 09:46:58
096,40.034904,116.324361,2008-11-07 09:47:00
096,40.034882,116.324133,2008-11-07 09:47:02
096,40.03487,116.323923,2008-11-07 09:47:04
096,40.034857,116.32373,2008-11-07 09:47:06
096,40.034832,116.323577,2008-11-07 09:47:08
096,40.034808,116.323473,2008-11-07 09:47:10
096,40.034801,116.323392,2008-11-07 09:47:12
096,40.034789,116.323306,2008-11-07 09:47:14
096,40.034754,116.323202,2008-11-07 09:47:16
096,40.03473,116.323062,2008-11-07 09:47:18
096,40.034744,116.322858,2008-11-07 09:47:20
096,40.034778,116.322674,2008-11-07 09:47:22
096,40.034722,116.322541,2008-11-07 09:47:24
096,40.034737,116.322388,2008-11-07 09:47:26
096,40.034775,116.322227,2008-11-07 09:47:28
096,40.034801,116.322075,2008-11-07 09:47:30
096,40.034745,116.321908,2008-11-07 09:47:32
096,40.034696,116.321731,2008-11-07 09:47:34
096,40.034674,116.321552,2008-11-07 09:47:36
096,40.034676,116.32133,2008-11-07 09:47:38
096,40.034679,116.321127,2008-11-07 09:47:40
096,40.034681,116.320935,2008-11-07 09:47:42
096,40.03468,116.320731,2008-11-07 09:47:44
096,40.034676,116.320555,2008-11-07 09:47:46
096,40.034671,116.320432,2008-11-07 09:47:48
096,40.034678,116.32035,2008-11-07 09:47:50
096,40.034682,116.320304,2008-11-07 09:47:52
096,40.034691,116.320274,2008-11-07 09:47:54
096,40.03471,116.320233,2008-11-07 09:47:56
096,40.034714,116.320181,2008-11-07 09:47:58
096,40.034735,116.320109,2008-11-07 09:48:00
096,40.034749,116.320015,2008-11-07 09:48:02
096,40.034711,116.31986,2008-11-07 09:48:04
096,40.034666,116.319714,2008-11-07 09:48:06
096,40.034634,116.319586,2008-11-07 09:48:08
096,40.034603,116.319473,2008-11-07 09:48:10
096,40.034573,116.319368,2008-11-07 09:48:12
096,40.034512,116.319297,2008-11-07 09:48:14
096,40.034489,116.319241,2008-11-07 09:48:16
096,40.034482,116.319179,2008-11-07 09:48:18
096,40.034474,116.319096,2008-11-07 09:48:20
096,40.034461,116.319037,2008-11-07 09:48:22
096,40.034466,116.319006,2008-11-07 09:48:24
096,40.034454,116.319006,2008-11-07 09:48:26
096,40.034454,116.319005,2008-11-07 09:48:28
096,40.034455,116.318989,2008-11-07 09:48:30
096,40.034464,116.318891,2008-11-07 09:48:32
096,40.034487,116.318791,2008-11-07 09:48:34
096,40.034507,116.318694,2008-11-07 09:48:36
096,40.034514,116.31861,2008-11-07 09:48:38
096,40.034521,116.318536,2008-11-07 09:48:40
096,40.034529,116.318469,2008-11-07 09:48:42
096,40.034537,116.318424,2008-11-07 09:48:44
096,40.034547,116.318375,2008-11-07 09:48:46
096,40.034561,116.318315,2008-11-07 09:48:48
096,40.034578,116.318258,2008-11-07 09:48:50
096,40.034592,116.318204,2008-11-07 09:48:52
096,40.034601,116.318157,2008-11-07 09:48:54
096,40.034611,116.318106,2008-11-07 09:48:56
096,40.034611,116.318042,2008-11-07 09:48:58
096,40.034623,116.317989,2008-11-07 09:49:00
096,40.034638,116.317961,2008-11-07 09:49:02
096,40.034645,116.31794,2008-11-07 09:49:04
096,40.034655,116.317925,2008-11-07 09:49:06
096,40.034664,116.31791,2008-11-07 09:49:08
096,40.034653,116.317906,2008-11-07 09:49:10
096,40.034647,116.317914,2008-11-07 09:49:12
096,40.034647,116.317914,2008-11-07 09:49:14
096,40.034646,116.317914,2008-11-07 09:49:16
096,40.034644,116.317916,2008-11-07 09:49:18
096,40.034634,116.317917,2008-11-07 09:49:20
096,40.034616,116.317917,2008-11-07 09:49:22
096,40.03459,116.317921,2008-11-07 09:49:24
096,40.034575,116.317923,2008-11-07 09:49:26
096,40.034561,116.317936,2008-11-07 09:49:28
096,40.034547,116.317947,2008-11-07 09:49:30
096,40.034534,116.317949,2008-11-07 09:49:32
096,40.034522,116.317945,2008-11-07 09:49:34
096,40.034522,116.31794,2008-11-07 09:49:36
096,40.034527,116.317935,2008-11-07 09:49:38
096,40.034539,116.317937,2008-11-07 09:49:40
096,40.034539,116.317937,2008-11-07 09:49:42
096,40.034539,116.317937,2008-11-07 09:49:44
096,40.034541,116.317936,2008-11-07 09:49:46
096,40.034543,116.317935,2008-11-07 09:49:48
096,40.034547,116.317932,2008-11-07 09:49:50
096,40.034577,116.317925,2008-11-07 09:49:52
096,40.034631,116.317907,2008-11-07 09:49:54
096,40.034673,116.317895,2008-11-07 09:49:56
096,40.034694,116.317885,2008-11-07 09:49:58
096,40.034703,116.317878,2008-11-07 09:50:00
096,40.034712,116.317873,2008-11-07 09:50:02
096,40.034713,116.317872,2008-11-07 09:50:04
096,40.034712,116.317873,2008-11-07 09:50:06
096,40.03471,116.317874,2008-11-07 09:50:08
096,40.034709,116.317874,2008-11-07 09:50:10
096,40.034707,116.317876,2008-11-07 09:50:12
096,40.034707,116.317875,2008-11-07 09:50:14
096,40.034699,116.317851,2008-11-07 09:50:16
096,40.034663,116.317789,2008-11-07 09:50:18
096,40.034666,116.317726,2008-11-07 09:50:20
096,40.0347,116.317648,2008-11-07 09:50:22
096,40.034733,116.317517,2008-11-07 09:50:24
096,40.034766,116.317383,2008-11-07 09:50:26
096,40.034794,116.317242,2008-11-07 09:50:28
096,40.034841,116.31706,2008-11-07 09:50:30
096,40.034893,116.316861,2008-11-07 09:50:32
096,40.035009,116.316652,2008-11-07 09:50:34
096,40.035115,116.316427,2008-11-07 09:50:36
096,40.035216,116.316185,2008-11-07 09:50:38
096,40.03533,116.31592,2008-11-07 09:50:40
096,40.035443,116.315656,2008-11-07 09:50:42
096,40.035544,116.315382,2008-11-07 09:50:44
096,40.03564,116.315103,2008-11-07 09:50:46
096,40.035737,116.314805,2008-11-07 09:50:48
096,40.035842,116.314513,2008-11-07 09:50:50
096,40.035936,116.314228,2008-11-07 09:50:52
096,40.036025,116.31395,2008-11-07 09:50:54
096,40.036113,116.313647,2008-11-07 09:50:56
096,40.036185,116.313335,2008-11-07 09:50:58
096,40.036242,116.312999,2008-11-07 09:51:00
096,40.036294,116.312685,2008-11-07 09:51:02
096,40.036329,116.312372,2008-11-07 09:51:04
096,40.036355,116.31207,2008-11-07 09:51:06
096,40.036405,116.311804,2008-11-07 09:51:08
096,40.036441,116.311531,2008-11-07 09:51:10
096,40.036468,116.311286,2008-11-07 09:51:12
096,40.036494,116.311061,2008-11-07 09:51:14
096,40.036528,116.310842,2008-11-07 09:51:16
096,40.036541,116.310622,2008-11-07 09:51:18
096,40.036548,116.310393,2008-11-07 09:51:20
096,40.036543,116.31019,2008-11-07 09:51:22
096,40.036526,116.309977,2008-11-07 09:51:24
096,40.036493,116.309764,2008-11-07 09:51:26
096,40.036444,116.309576,2008-11-07 09:51:28
096,40.036386,116.30939,2008-11-07 09:51:30
096,40.036341,116.309214,2008-11-07 09:51:32
096,40.036307,116.309059,2008-11-07 09:51:34
096,40.036282,116.308907,2008-11-07 09:51:36
096,40.036249,116.308776,2008-11-07 09:51:38
096,40.036225,116.308669,2008-11-07 09:51:40
096,40.036212,116.308574,2008-11-07 09:51:42
096,40.036207,116.308499,2008-11-07 09:51:44
096,40.036207,116.308425,2008-11-07 09:51:46
096,40.036193,116.308336,2008-11-07 09:51:48
096,40.036171,116.308268,2008-11-07 09:51:50
096,40.036144,116.308199,2008-11-07 09:51:52
096,40.036134,116.308161,2008-11-07 09:51:54
096,40.036134,116.308156,2008-11-07 09:51:56
096,40.036134,116.308153,2008-11-07 09:51:58
096,40.036133,116.308154,2008-11-07 09:52:00
096,40.036135,116.308154,2008-11-07 09:52:02
096,40.036136,116.308153,2008-11-07 09:52:04
096,40.036135,116.308155,2008-11-07 09:52:06
096,40.036132,116.308157,2008-11-07 09:52:08
096,40.036128,116.30816,2008-11-07 09:52:10
096,40.036125,116.308162,2008-11-07 09:52:12
096,40.036126,116.308162,2008-11-07 09:52:14
096,40.036126,116.308162,2008-11-07 09:52:16
096,40.036127,116.308162,2008-11-07 09:52:18
096,40.036134,116.308145,2008-11-07 09:52:20
096,40.036146,116.308072,2008-11-07 09:52:22
096,40.036139,116.307977,2008-11-07 09:52:24
096,40.036129,116.307867,2008-11-07 09:52:26
096,40.036115,116.307737,2008-11-07 09:52:28
096,40.036082,116.30761,2008-11-07 09:52:30
096,40.036048,116.307468,2008-11-07 09:52:32
096,40.036028,116.307313,2008-11-07 09:52:34
096,40.03602,116.307157,2008-11-07 09:52:36
096,40.036038,116.307014,2008-11-07 09:52:38
096,40.03604,116.306882,2008-11-07 09:52:40
096,40.036012,116.306747,2008-11-07 09:52:42
096,40.035962,116.306614,2008-11-07 09:52:44
096,40.035902,116.30647,2008-11-07 09:52:46
096,40.035884,116.306327,2008-11-07 09:52:48
096,40.035905,116.306201,2008-11-07 09:52:50
096,40.035916,116.30606,2008-11-07 09:52:52
096,40.035736,116.305806,2008-11-07 09:54:24
096,40.035746,116.305735,2008-11-07 09:54:26
096,40.035709,116.305628,2008-11-07 09:54:28
096,40.035685,116.30551,2008-11-07 09:54:30
096,40.035689,116.305379,2008-11-07 09:54:32
096,40.035718,116.305229,2008-11-07 09:54:34
096,40.035784,116.305085,2008-11-07 09:54:36
096,40.035873,116.304939,2008-11-07 09:54:38
096,40.035905,116.304764,2008-11-07 09:54:40
096,40.035931,116.304602,2008-11-07 09:54:42
096,40.035943,116.304491,2008-11-07 09:54:44
096,40.035914,116.304395,2008-11-07 09:54:46
096,40.035805,116.304309,2008-11-07 09:54:48
096,40.035737,116.304257,2008-11-07 09:54:50
096,40.035638,116.304224,2008-11-07 09:54:52
096,40.035582,116.304211,2008-11-07 09:54:54
096,40.035541,116.304176,2008-11-07 09:54:56
096,40.035511,116.304177,2008-11-07 09:54:58
096,40.035456,116.304184,2008-11-07 09:55:00
096,40.035373,116.304197,2008-11-07 09:55:02
096,40.035301,116.304214,2008-11-07 09:55:04
096,40.035237,116.304249,2008-11-07 09:55:06
096,40.035186,116.304297,2008-11-07 09:55:08
096,40.035127,116.304326,2008-11-07 09:55:10
096,40.035092,116.304358,2008-11-07 09:55:12
096,40.035059,116.304382,2008-11-07 09:55:14
096,40.035017,116.304419,2008-11-07 09:55:16
096,40.034961,116.304478,2008-11-07 09:55:18
096,40.034766,116.304535,2008-11-07 09:55:20
096,40.034613,116.304623,2008-11-07 09:55:22
096,40.034438,116.304693,2008-11-07 09:55:24
096,40.034289,116.304753,2008-11-07 09:55:26
096,40.034149,116.304806,2008-11-07 09:55:28
096,40.033989,116.304848,2008-11-07 09:55:30
096,40.03383,116.304888,2008-11-07 09:55:32
096,40.03365,116.304949,2008-11-07 09:55:34
096,40.033489,116.305021,2008-11-07 09:55:36
096,40.03332,116.305075,2008-11-07 09:55:38
096,40.033168,116.305167,2008-11-07 09:55:40
096,40.03302,116.305308,2008-11-07 09:55:42
096,40.032897,116.305393,2008-11-07 09:55:44
096,40.032743,116.305453,2008-11-07 09:55:46
096,40.032589,116.305483,2008-11-07 09:55:48
096,40.032371,116.305538,2008-11-07 09:55:50
096,40.032211,116.305591,2008-11-07 09:55:52
096,40.032082,116.305629,2008-11-07 09:55:54
096,40.031982,116.305657,2008-11-07 09:55:56
096,40.031901,116.305649,2008-11-07 09:55:58
096,40.031835,116.305651,2008-11-07 09:56:00
096,40.031799,116.305645,2008-11-07 09:56:02
096,40.031769,116.305658,2008-11-07 09:56:04
096,40.031755,116.305646,2008-11-07 09:56:06
096,40.031757,116.305652,2008-11-07 09:56:08
096,40.031757,116.305651,2008-11-07 09:56:10
096,40.031759,116.305649,2008-11-07 09:56:12
096,40.031752,116.305649,2008-11-07 09:56:14
096,40.031718,116.305639,2008-11-07 09:56:16
096,40.031661,116.305633,2008-11-07 09:56:18
096,40.031621,116.305646,2008-11-07 09:56:20
096,40.031602,116.305662,2008-11-07 09:56:22
096,40.031594,116.305669,2008-11-07 09:56:24
096,40.031586,116.305677,2008-11-07 09:56:26
096,40.031583,116.305678,2008-11-07 09:56:28
096,40.031563,116.305684,2008-11-07 09:56:30
096,40.031558,116.305672,2008-11-07 09:56:32
096,40.031549,116.305667,2008-11-07 09:56:34
096,40.031547,116.305661,2008-11-07 09:56:36
096,40.031541,116.305651,2008-11-07 09:56:38
096,40.031517,116.305624,2008-11-07 09:56:40
096,40.031497,116.305611,2008-11-07 09:56:42
096,40.031484,116.305613,2008-11-07 09:56:44
096,40.031466,116.305628,2008-11-07 09:56:46
096,40.031449,116.305647,2008-11-07 09:56:48
096,40.031421,116.305667,2008-11-07 09:56:50
096,40.031325,116.305666,2008-11-07 09:56:52
096,40.031246,116.305686,2008-11-07 09:56:54
096,40.031151,116.305723,2008-11-07 09:56:56
096,40.031055,116.305766,2008-11-07 09:56:58
096,40.030978,116.305815,2008-11-07 09:57:00
096,40.03086,116.305847,2008-11-07 09:57:02
096,40.030662,116.305887,2008-11-07 09:57:04
096,40.03053,116.30597,2008-11-07 09:57:06
096,40.030385,116.306057,2008-11-07 09:57:08
096,40.030221,116.306108,2008-11-07 09:57:10
096,40.030058,116.306188,2008-11-07 09:57:12
096,40.02982,116.306235,2008-11-07 09:57:14
096,40.029631,116.306303,2008-11-07 09:57:16
096,40.029456,116.306343,2008-11-07 09:57:18
096,40.02928,116.306355,2008-11-07 09:57:20
096,40.029156,116.306398,2008-11-07 09:57:22
096,40.02906,116.306444,2008-11-07 09:57:24
096,40.02901,116.306469,2008-11-07 09:57:26
096,40.028991,116.306483,2008-11-07 09:57:28
096,40.028984,116.306498,2008-11-07 09:57:30
096,40.028975,116.306506,2008-11-07 09:57:32
096,40.028971,116.30651,2008-11-07 09:57:34
096,40.028966,116.306513,2008-11-07 09:57:36
096,40.028962,116.306515,2008-11-07 09:57:38
096,40.02896,116.306516,2008-11-07 09:57:40
096,40.028957,116.306517,2008-11-07 09:57:42
096,40.028957,116.306517,2008-11-07 09:57:44
096,40.028959,116.306516,2008-11-07 09:57:46
096,40.028958,116.306517,2008-11-07 09:57:48
096,40.028956,116.306518,2008-11-07 09:57:50
096,40.028954,116.30652,2008-11-07 09:57:52
096,40.028951,116.306522,2008-11-07 09:57:54
096,40.028947,116.306526,2008-11-07 09:57:56
096,40.028941,116.30653,2008-11-07 09:57:58
096,40.028935,116.306534,2008-11-07 09:58:00
096,40.02893,116.306538,2008-11-07 09:58:02
096,40.028896,116.306548,2008-11-07 09:58:04
096,40.028821,116.306573,2008-11-07 09:58:06
096,40.028741,116.306603,2008-11-07 09:58:08
096,40.028633,116.306645,2008-11-07 09:58:10
096,40.028528,116.306684,2008-11-07 09:58:12
096,40.028432,116.306724,2008-11-07 09:58:14
096,40.028316,116.30678,2008-11-07 09:58:16
096,40.028193,116.306829,2008-11-07 09:58:18
096,40.028057,116.306874,2008-11-07 09:58:20
096,40.027932,116.306912,2008-11-07 09:58:22
096,40.027842,116.30695,2008-11-07 09:58:24
096,40.027754,116.306994,2008-11-07 09:58:26
096,40.027676,116.307027,2008-11-07 09:58:28
096,40.027594,116.307061,2008-11-07 09:58:30
096,40.027488,116.307109,2008-11-07 09:58:32
096,40.027372,116.307153,2008-11-07 09:58:34
096,40.02724,116.307192,2008-11-07 09:58:36
096,40.027101,116.307221,2008-11-07 09:58:38
096,40.026945,116.307254,2008-11-07 09:58:40
096,40.026793,116.307278,2008-11-07 09:58:42
096,40.026652,116.307301,2008-11-07 09:58:44
096,40.026522,116.307308,2008-11-07 09:58:46
096,40.026391,116.307313,2008-11-07 09:58:48
096,40.026277,116.307306,2008-11-07 09:58:50
096,40.026157,116.307287,2008-11-07 09:58:52
096,40.026083,116.30725,2008-11-07 09:58:54
096,40.026028,116.307209,2008-11-07 09:58:56
096,40.026006,116.307211,2008-11-07 09:58:58
096,40.025999,116.30721,2008-11-07 09:59:00
096,40.025989,116.307217,2008-11-07 09:59:02
096,40.025979,116.307219,2008-11-07 09:59:04
096,40.025969,116.307218,2008-11-07 09:59:06
096,40.025962,116.307218,2008-11-07 09:59:08
096,40.025958,116.30722,2008-11-07 09:59:10
096,40.025959,116.30722,2008-11-07 09:59:12
096,40.025961,116.30722,2008-11-07 09:59:14
096,40.025963,116.307219,2008-11-07 09:59:16
096,40.02596,116.307221,2008-11-07 09:59:18
096,40.025948,116.307229,2008-11-07 09:59:20
096,40.025921,116.30725,2008-11-07 09:59:22
096,40.025848,116.307225,2008-11-07 09:59:24
096,40.025766,116.307216,2008-11-07 09:59:26
096,40.025622,116.307196,2008-11-07 09:59:28
096,40.025557,116.307191,2008-11-07 09:59:30
096,40.025493,116.307176,2008-11-07 09:59:32
096,40.025406,116.307189,2008-11-07 09:59:34
096,40.025313,116.307194,2008-11-07 09:59:36
096,40.025216,116.307192,2008-11-07 09:59:38
096,40.025129,116.307197,2008-11-07 09:59:40
096,40.025014,116.307204,2008-11-07 09:59:42
096,40.024883,116.307215,2008-11-07 09:59:44
096,40.024741,116.307242,2008-11-07 09:59:46
096,40.02459,116.307318,2008-11-07 09:59:48
096,40.024442,116.307374,2008-11-07 09:59:50
096,40.024295,116.30743,2008-11-07 09:59:52
096,40.024126,116.307469,2008-11-07 09:59:54
096,40.023963,116.307497,2008-11-07 09:59:56
096,40.023783,116.307544,2008-11-07 09:59:58
096,40.023621,116.307557,2008-11-07 10:00:00
096,40.023423,116.307573,2008-11-07 10:00:02
096,40.023236,116.307593,2008-11-07 10:00:04
096,40.023043,116.307605,2008-11-07 10:00:06
096,40.02285,116.307646,2008-11-07 10:00:08
096,40.022668,116.307677,2008-11-07 10:00:10
096,40.022513,116.3077,2008-11-07 10:00:12
096,40.022348,116.30771,2008-11-07 10:00:14
096,40.022175,116.307719,2008-11-07 10:00:16
096,40.022001,116.307716,2008-11-07 10:00:18
096,40.021837,116.307723,2008-11-07 10:00:20
096,40.021664,116.307744,2008-11-07 10:00:22
096,40.021491,116.307756,2008-11-07 10:00:24
096,40.021334,116.307768,2008-11-07 10:00:26
096,40.021221,116.307778,2008-11-07 10:00:28
096,40.021136,116.307781,2008-11-07 10:00:30
096,40.021058,116.307799,2008-11-07 10:00:32
096,40.020991,116.307794,2008-11-07 10:00:34
096,40.020966,116.307789,2008-11-07 10:00:36
096,40.020959,116.307781,2008-11-07 10:00:38
096,40.020955,116.307782,2008-11-07 10:00:40
096,40.020954,116.307783,2008-11-07 10:00:42
096,40.020955,116.307783,2008-11-07 10:00:44
096,40.020955,116.307784,2008-11-07 10:00:46
096,40.020954,116.307784,2008-11-07 10:00:48
096,40.020953,116.307785,2008-11-07 10:00:50
096,40.02095,116.307785,2008-11-07 10:00:52
096,40.020944,116.307786,2008-11-07 10:00:54
096,40.020933,116.307788,2008-11-07 10:00:56
096,40.020871,116.307793,2008-11-07 10:00:58
096,40.020801,116.30783,2008-11-07 10:01:00
096,40.020707,116.307877,2008-11-07 10:01:02
096,40.020591,116.307965,2008-11-07 10:01:04
096,40.020396,116.30801,2008-11-07 10:01:06
096,40.020185,116.30805,2008-11-07 10:01:08
096,40.019973,116.308054,2008-11-07 10:01:10
096,40.019784,116.308072,2008-11-07 10:01:12
096,40.019488,116.308076,2008-11-07 10:01:14
096,40.019225,116.3081,2008-11-07 10:01:16
096,40.018963,116.308125,2008-11-07 10:01:18
096,40.01874,116.30818,2008-11-07 10:01:20
096,40.018518,116.308271,2008-11-07 10:01:22
096,40.018313,116.308392,2008-11-07 10:01:24
096,40.018127,116.308544,2008-11-07 10:01:26
096,40.017942,116.308708,2008-11-07 10:01:28
096,40.017764,116.3089,2008-11-07 10:01:30
096,40.017595,116.309091,2008-11-07 10:01:32
096,40.017423,116.309284,2008-11-07 10:01:34
096,40.017259,116.309474,2008-11-07 10:01:36
096,40.017089,116.309655,2008-11-07 10:01:38
096,40.016932,116.309831,2008-11-07 10:01:40
096,40.016768,116.310014,2008-11-07 10:01:42
096,40.016586,116.310214,2008-11-07 10:01:44
096,40.016405,116.310402,2008-11-07 10:01:46
096,40.016198,116.310607,2008-11-07 10:01:48
096,40.015997,116.310808,2008-11-07 10:01:50
096,40.015774,116.311005,2008-11-07 10:01:52
096,40.015574,116.311172,2008-11-07 10:01:54
096,40.015395,116.311307,2008-11-07 10:01:56
096,40.015224,116.311438,2008-11-07 10:01:58
096,40.015087,116.311529,2008-11-07 10:02:00
096,40.014974,116.311572,2008-11-07 10:02:02
096,40.014862,116.311602,2008-11-07 10:02:04
096,40.014728,116.31165,2008-11-07 10:02:06
096,40.014584,116.311707,2008-11-07 10:02:08
096,40.014421,116.31177,2008-11-07 10:02:10
096,40.014237,116.311827,2008-11-07 10:02:12
096,40.014032,116.311887,2008-11-07 10:02:14
096,40.013806,116.311946,2008-11-07 10:02:16
096,40.013586,116.311998,2008-11-07 10:02:18
096,40.013367,116.312027,2008-11-07 10:02:20
096,40.013129,116.312061,2008-11-07 10:02:22
096,40.012889,116.312094,2008-11-07 10:02:24
096,40.012639,116.312122,2008-11-07 10:02:26
096,40.012378,116.312148,2008-11-07 10:02:28
096,40.012122,116.31218,2008-11-07 10:02:30
096,40.011875,116.312187,2008-11-07 10:02:32
096,40.011653,116.312196,2008-11-07 10:02:34
096,40.01142,116.312216,2008-11-07 10:02:36
096,40.01119,116.312235,2008-11-07 10:02:38
096,40.010942,116.312257,2008-11-07 10:02:40
096,40.010692,116.312285,2008-11-07 10:02:42
096,40.010441,116.312315,2008-11-07 10:02:44
096,40.010189,116.312348,2008-11-07 10:02:46
096,40.009944,116.312375,2008-11-07 10:02:48
096,40.009699,116.312402,2008-11-07 10:02:50
096,40.009456,116.31243,2008-11-07 10:02:52
096,40.009232,116.312451,2008-11-07 10:02:54
096,40.009029,116.312476,2008-11-07 10:02:56
096,40.008845,116.312497,2008-11-07 10:02:58
096,40.008674,116.312519,2008-11-07 10:03:00
096,40.008535,116.312551,2008-11-07 10:03:02
096,40.008431,116.312579,2008-11-07 10:03:04
096,40.008321,116.312606,2008-11-07 10:03:06
096,40.008183,116.31265,2008-11-07 10:03:08
096,40.008013,116.312687,2008-11-07 10:03:10
096,40.007845,116.312716,2008-11-07 10:03:12
096,40.007679,116.312712,2008-11-07 10:03:14
096,40.007498,116.312708,2008-11-07 10:03:16
096,40.007298,116.312744,2008-11-07 10:03:18
096,40.007109,116.312767,2008-11-07 10:03:20
096,40.006899,116.3128,2008-11-07 10:03:22
096,40.006709,116.312818,2008-11-07 10:03:24
096,40.006508,116.312841,2008-11-07 10:03:26
096,40.006311,116.312874,2008-11-07 10:03:28
096,40.006123,116.312902,2008-11-07 10:03:30
096,40.005928,116.312929,2008-11-07 10:03:32
096,40.005731,116.312941,2008-11-07 10:03:34
096,40.005532,116.312916,2008-11-07 10:03:36
096,40.005363,116.312836,2008-11-07 10:03:38
096,40.005203,116.312702,2008-11-07 10:03:40
096,40.005095,116.312504,2008-11-07 10:03:42
096,40.005027,116.312249,2008-11-07 10:03:44
096,40.004966,116.311974,2008-11-07 10:03:46
096,40.004904,116.311684,2008-11-07 10:03:48
096,40.004865,116.311387,2008-11-07 10:03:50
096,40.004797,116.31104,2008-11-07 10:03:52
096,40.00477,116.310744,2008-11-07 10:03:54
096,40.004727,116.310483,2008-11-07 10:03:56
096,40.004636,116.310239,2008-11-07 10:03:58
096,40.004525,116.310013,2008-11-07 10:04:00
096,40.004391,116.309788,2008-11-07 10:04:02
096,40.00425,116.30958,2008-11-07 10:04:04
096,40.004097,116.309395,2008-11-07 10:04:06
096,40.003941,116.309238,2008-11-07 10:04:08
096,40.003776,116.309112,2008-11-07 10:04:10
096,40.003602,116.309023,2008-11-07 10:04:12
096,40.003397,116.308962,2008-11-07 10:04:14
096,40.003219,116.308915,2008-11-07 10:04:16
096,40.003079,116.308909,2008-11-07 10:04:18
096,40.002925,116.308915,2008-11-07 10:04:20
096,40.002769,116.308943,2008-11-07 10:04:22
096,40.002608,116.30897,2008-11-07 10:04:24
096,40.002435,116.309001,2008-11-07 10:04:26
096,40.002238,116.30902,2008-11-07 10:04:28
096,40.002018,116.309023,2008-11-07 10:04:30
096,40.001793,116.309021,2008-11-07 10:04:32
096,40.001565,116.309033,2008-11-07 10:04:34
096,40.001331,116.309059,2008-11-07 10:04:36
096,40.001119,116.309061,2008-11-07 10:04:38
096,40.000923,116.309059,2008-11-07 10:04:40
096,40.000742,116.309053,2008-11-07 10:04:42
096,40.000569,116.309052,2008-11-07 10:04:44
096,40.000397,116.309056,2008-11-07 10:04:46
096,40.000269,116.309062,2008-11-07 10:04:48
096,40.000199,116.309064,2008-11-07 10:04:50
096,40.000141,116.309049,2008-11-07 10:04:52
096,40.000066,116.309023,2008-11-07 10:04:54
096,40.000016,116.309008,2008-11-07 10:04:56
096,39.999981,116.309,2008-11-07 10:04:58
096,39.999733,116.308943,2008-11-07 10:06:50
096,39.999671,116.308942,2008-11-07 10:06:52
096,39.999624,116.308949,2008-11-07 10:06:54
096,39.999564,116.308948,2008-11-07 10:06:56
096,39.999494,116.308956,2008-11-07 10:06:58
096,39.999426,116.30894,2008-11-07 10:07:00
096,39.999377,116.308928,2008-11-07 10:07:02
096,39.99933,116.308933,2008-11-07 10:07:04
096,39.99923,116.308934,2008-11-07 10:07:06
096,39.999113,116.308926,2008-11-07 10:07:08
096,39.999008,116.308919,2008-11-07 10:07:10
096,39.998906,116.308943,2008-11-07 10:07:12
096,39.998841,116.308932,2008-11-07 10:07:14
096,39.998775,116.308926,2008-11-07 10:07:16
096,39.998715,116.308931,2008-11-07 10:07:18
096,39.998626,116.30893,2008-11-07 10:07:20
096,39.998543,116.308918,2008-11-07 10:07:22
096,39.998442,116.308913,2008-11-07 10:07:24
096,39.99832,116.308907,2008-11-07 10:07:26
096,39.998177,116.308897,2008-11-07 10:07:28
096,39.998035,116.308893,2008-11-07 10:07:30
096,39.997907,116.3089,2008-11-07 10:07:32
096,39.997805,116.308901,2008-11-07 10:07:34
096,39.997697,116.308903,2008-11-07 10:07:36
096,39.997608,116.308911,2008-11-07 10:07:38
096,39.997528,116.308923,2008-11-07 10:07:40
096,39.997447,116.308921,2008-11-07 10:07:42
096,39.99735,116.308918,2008-11-07 10:07:44
096,39.997268,116.308935,2008-11-07 10:07:46
096,39.997208,116.308948,2008-11-07 10:07:48
096,39.997147,116.308956,2008-11-07 10:07:50
096,39.997051,116.308971,2008-11-07 10:07:52
096,39.996974,116.308969,2008-11-07 10:07:54
096,39.996914,116.308968,2008-11-07 10:07:56
096,39.996883,116.308969,2008-11-07 10:07:58
096,39.996879,116.308956,2008-11-07 10:08:00
096,39.996868,116.308959,2008-11-07 10:08:02
096,39.996857,116.308966,2008-11-07 10:08:04
096,39.996819,116.308954,2008-11-07 10:08:06
096,39.996784,116.308938,2008-11-07 10:08:08
096,39.996748,116.308911,2008-11-07 10:08:10
096,39.99675,116.308914,2008-11-07 10:08:12
096,39.996733,116.308923,2008-11-07 10:08:14
096,39.996734,116.308923,2008-11-07 10:08:16
096,39.996733,116.308922,2008-11-07 10:08:18
096,39.996726,116.308914,2008-11-07 10:08:20
096,39.996714,116.30891,2008-11-07 10:08:22
096,39.996722,116.308907,2008-11-07 10:08:24
096,39.996725,116.308915,2008-11-07 10:08:26
096,39.996725,116.308916,2008-11-07 10:08:28
096,39.996723,116.308916,2008-11-07 10:08:30
096,39.996721,116.308916,2008-11-07 10:08:32
096,39.996718,116.308916,2008-11-07 10:08:34
096,39.996717,116.308917,2008-11-07 10:08:36
096,39.996715,116.308917,2008-11-07 10:08:38
096,39.996713,116.308917,2008-11-07 10:08:40
096,39.996711,116.308917,2008-11-07 10:08:42
096,39.996471,116.308879,2008-11-07 10:10:44
096,39.996368,116.308919,2008-11-07 10:10:46
096,39.996219,116.30894,2008-11-07 10:10:48
096,39.996022,116.308956,2008-11-07 10:10:50
096,39.995818,116.308951,2008-11-07 10:10:52
096,39.995635,116.308984,2008-11-07 10:10:54
096,39.995457,116.309045,2008-11-07 10:10:56
096,39.995282,116.309067,2008-11-07 10:10:58
096,39.995108,116.30909,2008-11-07 10:11:00
096,39.994938,116.309107,2008-11-07 10:11:02
096,39.994778,116.309134,2008-11-07 10:11:04
096,39.994629,116.309157,2008-11-07 10:11:06
096,39.994498,116.309165,2008-11-07 10:11:08
096,39.994401,116.30918,2008-11-07 10:11:10
096,39.994369,116.309184,2008-11-07 10:11:12
096,39.994358,116.309175,2008-11-07 10:11:14
096,39.994345,116.309184,2008-11-07 10:11:16
096,39.994337,116.309185,2008-11-07 10:11:18
096,39.994332,116.309186,2008-11-07 10:11:20
096,39.994329,116.309187,2008-11-07 10:11:22
096,39.994325,116.309187,2008-11-07 10:11:24
096,39.99432,116.309188,2008-11-07 10:11:26
096,39.994308,116.309196,2008-11-07 10:11:28
096,39.994169,116.309225,2008-11-07 10:11:30
096,39.993995,116.309255,2008-11-07 10:11:32
096,39.993785,116.309316,2008-11-07 10:11:34
096,39.993595,116.30935,2008-11-07 10:11:36
096,39.99342,116.309366,2008-11-07 10:11:38
096,39.993246,116.309388,2008-11-07 10:11:40
096,39.993078,116.309418,2008-11-07 10:11:42
096,39.992911,116.309468,2008-11-07 10:11:44
096,39.992758,116.30951,2008-11-07 10:11:46
096,39.992596,116.309549,2008-11-07 10:11:48
096,39.992428,116.309593,2008-11-07 10:11:50
096,39.992279,116.309614,2008-11-07 10:11:52
096,39.992135,116.309637,2008-11-07 10:11:54
096,39.992011,116.309651,2008-11-07 10:11:56
096,39.991893,116.309663,2008-11-07 10:11:58
096,39.991777,116.309676,2008-11-07 10:12:00
096,39.991674,116.309689,2008-11-07 10:12:02
096,39.991579,116.309693,2008-11-07 10:12:04
096,39.991493,116.309696,2008-11-07 10:12:06
096,39.991402,116.309709,2008-11-07 10:12:08
096,39.991295,116.309712,2008-11-07 10:12:10
096,39.991192,116.309728,2008-11-07 10:12:12
096,39.991068,116.309787,2008-11-07 10:12:14
096,39.990966,116.30983,2008-11-07 10:12:16
096,39.990885,116.30989,2008-11-07 10:12:18
096,39.990842,116.309968,2008-11-07 10:12:20
096,39.990817,116.310067,2008-11-07 10:12:22
096,39.990812,116.310193,2008-11-07 10:12:24
096,39.990827,116.310348,2008-11-07 10:12:26
096,39.99085,116.310541,2008-11-07 10:12:28
096,39.990872,116.310759,2008-11-07 10:12:30
096,39.990889,116.310997,2008-11-07 10:12:32
096,39.990916,116.311236,2008-11-07 10:12:34
096,39.990941,116.311462,2008-11-07 10:12:36
096,39.990954,116.311683,2008-11-07 10:12:38
096,39.990973,116.311897,2008-11-07 10:12:40
096,39.990996,116.312099,2008-11-07 10:12:42
096,39.991015,116.312302,2008-11-07 10:12:44
096,39.991037,116.312493,2008-11-07 10:12:46
096,39.991057,116.312683,2008-11-07 10:12:48
096,39.991068,116.312865,2008-11-07 10:12:50
096,39.991071,116.313035,2008-11-07 10:12:52
096,39.991076,116.313208,2008-11-07 10:12:54
096,39.991081,116.313376,2008-11-07 10:12:56
096,39.991076,116.313531,2008-11-07 10:12:58
096,39.991069,116.313676,2008-11-07 10:13:00
096,39.991059,116.313812,2008-11-07 10:13:02
096,39.991049,116.313944,2008-11-07 10:13:04
096,39.991042,116.314063,2008-11-07 10:13:06
096,39.991042,116.314149,2008-11-07 10:13:08
096,39.991035,116.314207,2008-11-07 10:13:10
096,39.991029,116.314249,2008-11-07 10:13:12
096,39.991031,116.314301,2008-11-07 10:13:14
096,39.991035,116.314373,2008-11-07 10:13:16
096,39.991033,116.314471,2008-11-07 10:13:18
096,39.991043,116.31459,2008-11-07 10:13:20
096,39.991042,116.31473,2008-11-07 10:13:22
096,39.991046,116.314939,2008-11-07 10:13:24
096,39.991054,116.315148,2008-11-07 10:13:26
096,39.991049,116.315367,2008-11-07 10:13:28
096,39.991065,116.315589,2008-11-07 10:13:30
096,39.991087,116.315817,2008-11-07 10:13:32
096,39.991101,116.316053,2008-11-07 10:13:34
096,39.991112,116.316287,2008-11-07 10:13:36
096,39.991131,116.31651,2008-11-07 10:13:38
096,39.99117,116.316718,2008-11-07 10:13:40
096,39.99119,116.316921,2008-11-07 10:13:42
096,39.991204,116.317111,2008-11-07 10:13:44
096,39.99122,116.317298,2008-11-07 10:13:46
096,39.991243,116.317461,2008-11-07 10:13:48
096,39.991279,116.317607,2008-11-07 10:13:50
096,39.991304,116.317729,2008-11-07 10:13:52
096,39.991318,116.317846,2008-11-07 10:13:54
096,39.991321,116.317944,2008-11-07 10:13:56
096,39.991331,116.318021,2008-11-07 10:13:58
096,39.991331,116.318054,2008-11-07 10:14:00
096,39.991339,116.31805,2008-11-07 10:14:02
096,39.991339,116.318044,2008-11-07 10:14:04
096,39.991332,116.318044,2008-11-07 10:14:06
096,39.991323,116.318034,2008-11-07 10:14:08
096,39.991311,116.318026,2008-11-07 10:14:10
096,39.991298,116.318028,2008-11-07 10:14:12
096,39.991292,116.318029,2008-11-07 10:14:14
096,39.991293,116.318029,2008-11-07 10:14:16
096,39.991297,116.318027,2008-11-07 10:14:18
096,39.991302,116.318025,2008-11-07 10:14:20
096,39.991305,116.31803,2008-11-07 10:14:22
096,39.991306,116.31803,2008-11-07 10:14:24
096,39.99127,116.317991,2008-11-07 10:14:26
096,39.991168,116.318002,2008-11-07 10:14:28
096,39.991102,116.318084,2008-11-07 10:14:30
096,39.991149,116.31833,2008-11-07 10:14:32
096,39.991125,116.318561,2008-11-07 10:14:34
096,39.991092,116.318799,2008-11-07 10:14:36
096,39.991075,116.319059,2008-11-07 10:14:38
096,39.991093,116.319358,2008-11-07 10:14:40
096,39.991131,116.319695,2008-11-07 10:14:42
096,39.991141,116.320009,2008-11-07 10:14:44
096,39.991164,116.32033,2008-11-07 10:14:46
096,39.991186,116.320629,2008-11-07 10:14:48
096,39.991218,116.320922,2008-11-07 10:14:50
096,39.991244,116.321167,2008-11-07 10:14:52
096,39.991279,116.321378,2008-11-07 10:14:54
096,39.991353,116.321558,2008-11-07 10:14:56
096,39.991378,116.321738,2008-11-07 10:14:58
096,39.991405,116.321891,2008-11-07 10:15:00
096,39.991435,116.321994,2008-11-07 10:15:02
096,39.991464,116.32203,2008-11-07 10:15:04
096,39.991452,116.322063,2008-11-07 10:15:06
096,39.991431,116.32207,2008-11-07 10:15:08
096,39.991426,116.32207,2008-11-07 10:15:10
096,39.99142,116.322071,2008-11-07 10:15:12
096,39.991414,116.322072,2008-11-07 10:15:14
096,39.991409,116.322089,2008-11-07 10:15:16
096,39.991371,116.322126,2008-11-07 10:15:18
096,39.991372,116.322168,2008-11-07 10:15:20
096,39.991368,116.322206,2008-11-07 10:15:22
096,39.991387,116.322267,2008-11-07 10:15:24
096,39.991415,116.322323,2008-11-07 10:15:26
096,39.991437,116.322378,2008-11-07 10:15:28
096,39.991451,116.322421,2008-11-07 10:15:30
096,39.991425,116.322443,2008-11-07 10:15:32
096,39.991435,116.322458,2008-11-07 10:15:34
096,39.991444,116.322488,2008-11-07 10:15:36
096,39.991445,116.322508,2008-11-07 10:15:38
096,39.991445,116.322533,2008-11-07 10:15:40
096,39.99144,116.322568,2008-11-07 10:15:42
096,39.991448,116.322594,2008-11-07 10:15:44
096,39.991475,116.322626,2008-11-07 10:15:46
096,39.9915,116.322644,2008-11-07 10:15:48
096,39.991513,116.322657,2008-11-07 10:15:50
096,39.991495,116.32271,2008-11-07 10:15:52
096,39.991503,116.322758,2008-11-07 10:15:54
096,39.991508,116.322785,2008-11-07 10:15:56
096,39.99161,116.322808,2008-11-07 10:15:58
096,39.991738,116.322841,2008-11-07 10:16:00
096,39.991853,116.322866,2008-11-07 10:16:02
096,39.991908,116.322931,2008-11-07 10:16:04
096,39.9919,116.322968,2008-11-07 10:16:06
096,39.991887,116.323008,2008-11-07 10:16:08
096,39.991862,116.323057,2008-11-07 10:16:10
096,39.991834,116.323106,2008-11-07 10:16:12
096,39.991801,116.323154,2008-11-07 10:16:14
096,39.991779,116.32319,2008-11-07 10:16:16
096,39.991763,116.323218,2008-11-07 10:16:18
096,39.991738,116.323255,2008-11-07 10:16:20
096,39.9917,116.32329,2008-11-07 10:16:22
096,39.991656,116.323312,2008-11-07 10:16:24
096,39.991613,116.323333,2008-11-07 10:16:26
096,39.991556,116.323365,2008-11-07 10:16:28
096,39.991508,116.323385,2008-11-07 10:16:30
096,39.991509,116.323419,2008-11-07 10:16:32
096,39.99154,116.323451,2008-11-07 10:16:34
096,39.991545,116.323478,2008-11-07 10:16:36
096,39.991583,116.323497,2008-11-07 10:16:38
096,39.99157,116.323515,2008-11-07 10:16:40
096,39.991533,116.32353,2008-11-07 10:16:42
096,39.991524,116.323555,2008-11-07 10:16:44
096,39.991508,116.323577,2008-11-07 10:16:46
096,39.991473,116.323589,2008-11-07 10:16:48
096,39.991446,116.323607,2008-11-07 10:16:50
096,39.991434,116.323628,2008-11-07 10:16:52
096,39.991428,116.323661,2008-11-07 10:16:54
096,39.991428,116.32369,2008-11-07 10:16:56
096,39.991466,116.323736,2008-11-07 10:16:58
096,39.991454,116.323773,2008-11-07 10:17:00
096,39.991415,116.323828,2008-11-07 10:17:02
096,39.991398,116.323857,2008-11-07 10:17:04
096,39.991413,116.323886,2008-11-07 10:17:06
096,39.991415,116.323934,2008-11-07 10:17:08
096,39.991415,116.323954,2008-11-07 10:17:10
096,39.991404,116.32398,2008-11-07 10:17:12
096,39.991408,116.324013,2008-11-07 10:17:14
096,39.991415,116.324063,2008-11-07 10:17:16
096,39.991419,116.324098,2008-11-07 10:17:18
096,39.991438,116.324139,2008-11-07 10:17:20
096,39.991454,116.324168,2008-11-07 10:17:22
096,39.991395,116.324208,2008-11-07 10:17:24
096,39.991379,116.324239,2008-11-07 10:17:26
096,39.991398,116.324264,2008-11-07 10:17:28
096,39.99142,116.324293,2008-11-07 10:17:30
096,39.991413,116.324343,2008-11-07 10:17:32
096,39.991406,116.324385,2008-11-07 10:17:34
096,39.99141,116.324431,2008-11-07 10:17:36
096,39.991392,116.324465,2008-11-07 10:17:38
096,39.991396,116.3245,2008-11-07 10:17:40
096,39.991383,116.324549,2008-11-07 10:17:42
096,39.99136,116.324583,2008-11-07 10:17:44
096,39.991331,116.324612,2008-11-07 10:17:46
096,39.991335,116.324638,2008-11-07 10:17:48
096,39.99133,116.324677,2008-11-07 10:17:50
096,39.991323,116.324709,2008-11-07 10:17:52
096,39.991299,116.324734,2008-11-07 10:17:54
096,39.991282,116.324772,2008-11-07 10:17:56
096,39.991281,116.324811,2008-11-07 10:17:58
096,39.99128,116.324852,2008-11-07 10:18:00
096,39.991296,116.324886,2008-11-07 10:18:02
096,39.991337,116.32491,2008-11-07 10:18:04
096,39.991344,116.324938,2008-11-07 10:18:06
096,39.991337,116.324994,2008-11-07 10:18:08
096,39.991317,116.325078,2008-11-07 10:18:10
096,39.991315,116.325136,2008-11-07 10:18:12
096,39.991319,116.325193,2008-11-07 10:18:14
096,39.991315,116.325261,2008-11-07 10:18:16
096,39.991321,116.325309,2008-11-07 10:18:18
096,39.991321,116.325357,2008-11-07 10:18:20
096,39.991334,116.325413,2008-11-07 10:18:22
096,39.991337,116.325487,2008-11-07 10:18:24
096,39.991333,116.325539,2008-11-07 10:18:26
096,39.991327,116.325591,2008-11-07 10:18:28
096,39.991328,116.325649,2008-11-07 10:18:30
096,39.991306,116.325714,2008-11-07 10:18:32
096,39.991303,116.325771,2008-11-07 10:18:34
096,39.991324,116.32581,2008-11-07 10:18:36
096,39.991332,116.32585,2008-11-07 10:18:38
096,39.991338,116.325875,2008-11-07 10:18:40
096,39.991364,116.325907,2008-11-07 10:18:42
096,39.991363,116.325939,2008-11-07 10:18:44
096,39.991351,116.325979,2008-11-07 10:18:46
096,39.991355,116.326012,2008-11-07 10:18:48
096,39.991358,116.326058,2008-11-07 10:18:50
096,39.991364,116.326102,2008-11-07 10:18:52
096,39.991377,116.326137,2008-11-07 10:18:54
096,39.991351,116.326188,2008-11-07 10:18:56
096,39.991353,116.326227,2008-11-07 10:18:58
096,39.991337,116.326238,2008-11-07 10:19:00
096,39.991337,116.326272,2008-11-07 10:19:02
096,39.991333,116.326292,2008-11-07 10:19:04
096,39.991342,116.326333,2008-11-07 10:19:06
096,39.991343,116.326364,2008-11-07 10:19:08
096,39.99134,116.32639,2008-11-07 10:19:10
096,39.991333,116.326408,2008-11-07 10:19:12
096,39.991336,116.326417,2008-11-07 10:19:14
096,39.991349,116.326417,2008-11-07 10:19:16
096,39.991356,116.326415,2008-11-07 10:19:18
096,39.991371,116.326424,2008-11-07 10:19:20
096,39.991368,116.326408,2008-11-07 10:19:22
096,39.991373,116.326417,2008-11-07 10:19:24
096,39.991393,116.326424,2008-11-07 10:19:26
096,39.991393,116.326424,2008-11-07 10:19:28
096,39.991386,116.326434,2008-11-07 10:19:30
096,39.991392,116.32643,2008-11-07 10:19:32
096,39.991402,116.326426,2008-11-07 10:19:34
096,39.991402,116.326425,2008-11-07 10:19:36
096,39.991397,116.326431,2008-11-07 10:19:38
096,39.991396,116.326431,2008-11-07 10:19:40
096,39.991383,116.326428,2008-11-07 10:19:42
096,39.991368,116.32643,2008-11-07 10:19:44
096,39.991364,116.326425,2008-11-07 10:19:46
096,39.991367,116.326425,2008-11-07 10:19:48
096,39.991372,116.326426,2008-11-07 10:19:50
096,39.991401,116.326427,2008-11-07 10:19:52
096,39.99145,116.326444,2008-11-07 10:19:54
096,39.991502,116.326413,2008-11-07 10:19:56
096,39.99156,116.326388,2008-11-07 10:19:58
096,39.99159,116.326393,2008-11-07 10:20:00
096,39.991627,116.326401,2008-11-07 10:20:02
096,39.991645,116.326395,2008-11-07 10:20:04
096,39.991658,116.326403,2008-11-07 10:20:06
096,39.991682,116.3264,2008-11-07 10:20:08
096,39.991714,116.326412,2008-11-07 10:20:10
096,39.991729,116.326428,2008-11-07 10:20:12
096,39.991738,116.326425,2008-11-07 10:20:14
096,39.991779,116.326436,2008-11-07 10:20:16
096,39.991816,116.326457,2008-11-07 10:20:18
096,39.99184,116.32644,2008-11-07 10:20:20
096,39.991863,116.326435,2008-11-07 10:20:22
096,39.991878,116.326424,2008-11-07 10:20:24
096,39.991894,116.32643,2008-11-07 10:20:26
096,39.991922,116.326413,2008-11-07 10:20:28
096,39.991933,116.326407,2008-11-07 10:20:30
096,39.991945,116.326406,2008-11-07 10:20:32
096,39.991967,116.326412,2008-11-07 10:20:34
096,39.991982,116.326413,2008-11-07 10:20:36
096,39.991996,116.326439,2008-11-07 10:20:38
096,39.992014,116.32644,2008-11-07 10:20:40
096,39.992021,116.326447,2008-11-07 10:20:42
096,39.992028,116.326452,2008-11-07 10:20:44
096,39.99206,116.326428,2008-11-07 10:20:46
096,39.992072,116.326417,2008-11-07 10:20:48
096,39.992076,116.326392,2008-11-07 10:20:50
096,39.992086,116.326381,2008-11-07 10:20:52
096,39.992087,116.326359,2008-11-07 10:20:54
096,39.9921,116.326342,2008-11-07 10:20:56
096,39.992104,116.326342,2008-11-07 10:20:58
096,39.992138,116.326317,2008-11-07 10:21:00
096,39.992146,116.326299,2008-11-07 10:21:02
096,39.992166,116.326284,2008-11-07 10:21:04
096,39.992212,116.326274,2008-11-07 10:21:06
096,39.992252,116.326265,2008-11-07 10:21:08
096,39.99228,116.326267,2008-11-07 10:21:10
096,39.992308,116.326276,2008-11-07 10:21:12
096,39.99234,116.326277,2008-11-07 10:21:14
096,39.992374,116.326278,2008-11-07 10:21:16
096,39.992397,116.326293,2008-11-07 10:21:18
096,39.99242,116.326309,2008-11-07 10:21:20
096,39.992447,116.326312,2008-11-07 10:21:22
096,39.992472,116.326303,2008-11-07 10:21:24
096,39.992478,116.326299,2008-11-07 10:21:26
096,39.992484,116.326301,2008-11-07 10:21:28
096,39.992486,116.3263,2008-11-07 10:21:30
096,39.992489,116.326301,2008-11-07 10:21:32
096,39.99249,116.326302,2008-11-07 10:21:34
096,39.99249,116.326303,2008-11-07 10:21:36
096,39.992491,116.326304,2008-11-07 10:21:38
096,39.992492,116.326305,2008-11-07 10:21:40
096,39.992502,116.326305,2008-11-07 10:21:42
096,39.992515,116.326301,2008-11-07 10:21:44
096,39.992529,116.32629,2008-11-07 10:21:46
096,39.99256,116.32627,2008-11-07 10:21:48
096,39.992584,116.326252,2008-11-07 10:21:50
096,39.992574,116.326184,2008-11-07 10:21:52
096,39.992551,116.326113,2008-11-07 10:21:54
096,39.99252,116.326051,2008-11-07 10:21:56
096,39.992491,116.325979,2008-11-07 10:21:58
096,39.992405,116.325812,2008-11-07 10:22:00
096,39.992402,116.325784,2008-11-07 10:22:02
096,39.992363,116.325729,2008-11-07 10:22:04
096,39.992342,116.325697,2008-11-07 10:22:06
096,39.99235,116.325684,2008-11-07 10:22:08
096,39.992356,116.325673,2008-11-07 10:22:10
096,39.992367,116.325667,2008-11-07 10:22:12
096,39.992375,116.325664,2008-11-07 10:22:14
096,39.99238,116.325663,2008-11-07 10:22:16
096,39.992384,116.325662,2008-11-07 10:22:18
096,39.992389,116.325662,2008-11-07 10:22:20
096,39.992394,116.325662,2008-11-07 10:22:22
096,39.992582,116.326384,2008-11-07 13:23:35
096,39.99239,116.326507,2008-11-07 13:23:38
096,39.992388,116.326419,2008-11-07 13:23:40
096,39.99238,116.326476,2008-11-07 13:23:42
096,39.992376,116.326497,2008-11-07 13:23:44
096,39.99237,116.326527,2008-11-07 13:23:46
096,39.992384,116.326505,2008-11-07 13:23:48
096,39.992428,116.326453,2008-11-07 13:23:50
096,39.992439,116.326461,2008-11-07 13:23:52
096,39.992481,116.326448,2008-11-07 13:23:54
096,39.992462,116.32643,2008-11-07 13:23:56
096,39.992454,116.326425,2008-11-07 13:23:58
096,39.992444,116.326427,2008-11-07 13:24:00
096,39.992441,116.326412,2008-11-07 13:24:02
096,39.992435,116.326406,2008-11-07 13:24:04
096,39.992428,116.326378,2008-11-07 13:24:06
096,39.99242,116.326363,2008-11-07 13:24:08
096,39.992412,116.326366,2008-11-07 13:24:10
096,39.992393,116.326404,2008-11-07 13:24:12
096,39.9924,116.32645,2008-11-07 13:24:14
096,39.992397,116.326527,2008-11-07 13:24:16
096,39.992402,116.326497,2008-11-07 13:24:18
096,39.992412,116.326491,2008-11-07 13:24:20
096,39.992408,116.32647,2008-11-07 13:24:22
096,39.992397,116.32648,2008-11-07 13:24:24
096,39.99241,116.326482,2008-11-07 13:24:26
096,39.992425,116.326477,2008-11-07 13:24:28
096,39.992424,116.326477,2008-11-07 13:24:30
096,39.992425,116.326478,2008-11-07 13:24:32
096,39.992429,116.326478,2008-11-07 13:24:34
096,39.992426,116.326471,2008-11-07 13:24:36
096,39.992419,116.326475,2008-11-07 13:24:38
096,39.99241,116.326476,2008-11-07 13:24:40
096,39.992437,116.326399,2008-11-07 13:24:42
096,39.99243,116.326387,2008-11-07 13:24:44
096,39.992412,116.326394,2008-11-07 13:24:46
096,39.992396,116.326398,2008-11-07 13:24:48
096,39.992359,116.326428,2008-11-07 13:24:50
096,39.992335,116.326403,2008-11-07 13:24:52
096,39.992318,116.326387,2008-11-07 13:24:54
096,39.992287,116.326406,2008-11-07 13:24:56
096,39.992274,116.326402,2008-11-07 13:24:58
096,39.992261,116.326396,2008-11-07 13:25:00
096,39.992252,116.326383,2008-11-07 13:25:02
096,39.992234,116.326366,2008-11-07 13:25:04
096,39.992223,116.326346,2008-11-07 13:25:06
096,39.992209,116.326335,2008-11-07 13:25:08
096,39.992198,116.326313,2008-11-07 13:25:10
096,39.992194,116.326294,2008-11-07 13:25:12
096,39.992202,116.326252,2008-11-07 13:25:14
096,39.992176,116.326274,2008-11-07 13:25:16
096,39.992142,116.326302,2008-11-07 13:25:18
096,39.992115,116.326262,2008-11-07 13:25:20
096,39.992098,116.326203,2008-11-07 13:25:22
096,39.992166,116.326082,2008-11-07 13:25:24
096,39.992056,116.326179,2008-11-07 13:25:26
096,39.992034,116.326193,2008-11-07 13:25:28
096,39.991979,116.326208,2008-11-07 13:25:30
096,39.992006,116.326227,2008-11-07 13:25:32
096,39.991943,116.326338,2008-11-07 13:25:34
096,39.991879,116.32646,2008-11-07 13:25:36
096,39.991844,116.326497,2008-11-07 13:25:38
096,39.991822,116.326498,2008-11-07 13:25:40
096,39.991823,116.326448,2008-11-07 13:25:42
096,39.991792,116.326464,2008-11-07 13:25:44
096,39.991762,116.326516,2008-11-07 13:25:46
096,39.991748,116.326528,2008-11-07 13:25:48
096,39.991695,116.326506,2008-11-07 13:25:50
096,39.991643,116.326517,2008-11-07 13:25:52
096,39.991671,116.326475,2008-11-07 13:25:54
096,39.991652,116.326497,2008-11-07 13:25:56
096,39.991639,116.326524,2008-11-07 13:25:58
096,39.991645,116.32652,2008-11-07 13:26:00
096,39.991603,116.326569,2008-11-07 13:26:02
096,39.99156,116.326614,2008-11-07 13:26:04
096,39.991551,116.326637,2008-11-07 13:26:06
096,39.991541,116.326683,2008-11-07 13:26:08
096,39.99153,116.326698,2008-11-07 13:26:10
096,39.991528,116.326725,2008-11-07 13:26:12
096,39.991521,116.32674,2008-11-07 13:26:14
096,39.991519,116.326756,2008-11-07 13:26:16
096,39.991518,116.326787,2008-11-07 13:26:18
096,39.991515,116.326811,2008-11-07 13:26:20
096,39.991515,116.326844,2008-11-07 13:26:22
096,39.991515,116.326863,2008-11-07 13:26:24
096,39.991507,116.326876,2008-11-07 13:26:26
096,39.991504,116.326892,2008-11-07 13:26:28
096,39.991507,116.326912,2008-11-07 13:26:30
096,39.991499,116.326932,2008-11-07 13:26:32
096,39.991492,116.326962,2008-11-07 13:26:34
096,39.991488,116.326976,2008-11-07 13:26:36
096,39.991491,116.326989,2008-11-07 13:26:38
096,39.991495,116.327004,2008-11-07 13:26:40
096,39.991496,116.32702,2008-11-07 13:26:42
096,39.991518,116.32705,2008-11-07 13:26:44
096,39.991518,116.327076,2008-11-07 13:26:46
096,39.99152,116.327092,2008-11-07 13:26:48
096,39.991517,116.327122,2008-11-07 13:26:50
096,39.991519,116.327125,2008-11-07 13:26:52
096,39.991521,116.327157,2008-11-07 13:26:54
096,39.991534,116.327174,2008-11-07 13:26:56
096,39.991533,116.327205,2008-11-07 13:26:58
096,39.991534,116.327217,2008-11-07 13:27:00
096,39.991532,116.327237,2008-11-07 13:27:02
096,39.991537,116.327264,2008-11-07 13:27:04
096,39.991536,116.327277,2008-11-07 13:27:06
096,39.991529,116.327293,2008-11-07 13:27:08
096,39.991525,116.327309,2008-11-07 13:27:10
096,39.991519,116.327333,2008-11-07 13:27:12
096,39.991513,116.327372,2008-11-07 13:27:14
096,39.991508,116.327385,2008-11-07 13:27:16
096,39.991507,116.327412,2008-11-07 13:27:18
096,39.991506,116.327425,2008-11-07 13:27:20
096,39.991501,116.327448,2008-11-07 13:27:22
096,39.991507,116.327463,2008-11-07 13:27:24
096,39.991514,116.327476,2008-11-07 13:27:26
096,39.99151,116.327516,2008-11-07 13:27:28
096,39.991511,116.327547,2008-11-07 13:27:30
096,39.991513,116.32757,2008-11-07 13:27:32
096,39.991513,116.327599,2008-11-07 13:27:34
096,39.991516,116.327618,2008-11-07 13:27:36
096,39.991513,116.327631,2008-11-07 13:27:38
096,39.991509,116.327644,2008-11-07 13:27:40
096,39.991514,116.327648,2008-11-07 13:27:42
096,39.991514,116.327658,2008-11-07 13:27:44
096,39.991515,116.327658,2008-11-07 13:27:46
096,39.991514,116.327664,2008-11-07 13:27:48
096,39.991517,116.327677,2008-11-07 13:27:50
096,39.991515,116.327717,2008-11-07 13:27:52
096,39.991519,116.32773,2008-11-07 13:27:54
096,39.991507,116.327762,2008-11-07 13:27:56
096,39.991502,116.327783,2008-11-07 13:27:58
096,39.9915,116.327815,2008-11-07 13:28:00
096,39.991502,116.32783,2008-11-07 13:28:02
096,39.991483,116.327903,2008-11-07 13:28:04
096,39.991488,116.327937,2008-11-07 13:28:06
096,39.991498,116.327962,2008-11-07 13:28:08
096,39.991503,116.327996,2008-11-07 13:28:10
096,39.991501,116.328025,2008-11-07 13:28:12
096,39.991546,116.328048,2008-11-07 13:28:14
096,39.991561,116.32806,2008-11-07 13:28:16
096,39.991558,116.328082,2008-11-07 13:28:18
096,39.99155,116.32811,2008-11-07 13:28:20
096,39.99155,116.32813,2008-11-07 13:28:22
096,39.991554,116.32814,2008-11-07 13:28:24
096,39.991556,116.328155,2008-11-07 13:28:26
096,39.991558,116.328177,2008-11-07 13:28:28
096,39.991571,116.328193,2008-11-07 13:28:30
096,39.991573,116.328209,2008-11-07 13:28:32
096,39.991581,116.328231,2008-11-07 13:28:34
096,39.991584,116.328271,2008-11-07 13:28:36
096,39.991573,116.328295,2008-11-07 13:28:38
096,39.991568,116.328308,2008-11-07 13:28:40
096,39.991563,116.328329,2008-11-07 13:28:42
096,39.991521,116.328353,2008-11-07 13:28:44
096,39.991515,116.32839,2008-11-07 13:28:46
096,39.991516,116.328417,2008-11-07 13:28:48
096,39.991515,116.328446,2008-11-07 13:28:50
096,39.991515,116.328466,2008-11-07 13:28:52
096,39.9915,116.328476,2008-11-07 13:28:54
096,39.991495,116.328506,2008-11-07 13:28:56
096,39.991491,116.328519,2008-11-07 13:28:58
096,39.99153,116.328481,2008-11-07 13:29:00
096,39.991549,116.328511,2008-11-07 13:29:02
096,39.991552,116.32852,2008-11-07 13:29:04
096,39.99155,116.328527,2008-11-07 13:29:06
096,39.991543,116.328542,2008-11-07 13:29:08
096,39.99154,116.328564,2008-11-07 13:29:10
096,39.99155,116.328589,2008-11-07 13:29:12
096,39.991552,116.328609,2008-11-07 13:29:14
096,39.991549,116.328619,2008-11-07 13:29:16
096,39.991549,116.32865,2008-11-07 13:29:18
096,39.991545,116.328673,2008-11-07 13:29:20
096,39.991563,116.328703,2008-11-07 13:29:22
096,39.991557,116.328717,2008-11-07 13:29:24
096,39.991555,116.328745,2008-11-07 13:29:26
096,39.991553,116.328758,2008-11-07 13:29:28
096,39.991554,116.328778,2008-11-07 13:29:30
096,39.991555,116.328803,2008-11-07 13:29:32
096,39.991546,116.328818,2008-11-07 13:29:34
096,39.99155,116.32884,2008-11-07 13:29:36
096,39.99155,116.328867,2008-11-07 13:29:38
096,39.991547,116.328876,2008-11-07 13:29:40
096,39.99154,116.3289,2008-11-07 13:29:42
096,39.991552,116.328913,2008-11-07 13:29:44
096,39.991569,116.328936,2008-11-07 13:29:46
096,39.991563,116.328971,2008-11-07 13:29:48
096,39.991558,116.329007,2008-11-07 13:29:50
096,39.991559,116.329021,2008-11-07 13:29:52
096,39.991563,116.32904,2008-11-07 13:29:54
096,39.991569,116.32907,2008-11-07 13:29:56
096,39.991566,116.329104,2008-11-07 13:29:58
096,39.991588,116.329154,2008-11-07 13:30:00
096,39.991579,116.32917,2008-11-07 13:30:02
096,39.991596,116.329199,2008-11-07 13:30:04
096,39.991608,116.329236,2008-11-07 13:30:06
096,39.991607,116.32925,2008-11-07 13:30:08
096,39.991601,116.329274,2008-11-07 13:30:10
096,39.991592,116.329296,2008-11-07 13:30:12
096,39.991597,116.329328,2008-11-07 13:30:14
096,39.991606,116.329343,2008-11-07 13:30:16
096,39.991609,116.329366,2008-11-07 13:30:18
096,39.991598,116.329388,2008-11-07 13:30:20
096,39.991595,116.329415,2008-11-07 13:30:22
096,39.991603,116.329429,2008-11-07 13:30:24
096,39.991598,116.329449,2008-11-07 13:30:26
096,39.991598,116.329468,2008-11-07 13:30:28
096,39.991585,116.329483,2008-11-07 13:30:30
096,39.991566,116.329516,2008-11-07 13:30:32
096,39.991558,116.329535,2008-11-07 13:30:34
096,39.991556,116.329549,2008-11-07 13:30:36
096,39.991546,116.329567,2008-11-07 13:30:38
096,39.991538,116.329571,2008-11-07 13:30:40
096,39.991544,116.329598,2008-11-07 13:30:42
096,39.991544,116.329619,2008-11-07 13:30:44
096,39.991547,116.32964,2008-11-07 13:30:46
096,39.991559,116.329669,2008-11-07 13:30:48
096,39.991561,116.329685,2008-11-07 13:30:50
096,39.99156,116.329706,2008-11-07 13:30:52
096,39.991558,116.329722,2008-11-07 13:30:54
096,39.991562,116.329731,2008-11-07 13:30:56
096,39.991566,116.329748,2008-11-07 13:30:58
096,39.991556,116.329759,2008-11-07 13:31:00
096,39.991553,116.329761,2008-11-07 13:31:02
096,39.991548,116.329788,2008-11-07 13:31:04
096,39.991541,116.329818,2008-11-07 13:31:06
096,39.991539,116.329843,2008-11-07 13:31:08
096,39.991547,116.329867,2008-11-07 13:31:10
096,39.99155,116.329902,2008-11-07 13:31:12
096,39.991553,116.329929,2008-11-07 13:31:14
096,39.991543,116.329935,2008-11-07 13:31:16
096,39.991545,116.32996,2008-11-07 13:31:18
096,39.991552,116.329981,2008-11-07 13:31:20
096,39.991561,116.33001,2008-11-07 13:31:22
096,39.991571,116.330035,2008-11-07 13:31:24
096,39.991577,116.33007,2008-11-07 13:31:26
096,39.991585,116.330096,2008-11-07 13:31:28
096,39.991573,116.330116,2008-11-07 13:31:30
096,39.991588,116.330131,2008-11-07 13:31:32
096,39.9916,116.33016,2008-11-07 13:31:34
096,39.991605,116.330176,2008-11-07 13:31:36
096,39.991604,116.330196,2008-11-07 13:31:38
096,39.991598,116.330214,2008-11-07 13:31:40
096,39.991594,116.330238,2008-11-07 13:31:42
096,39.991583,116.330259,2008-11-07 13:31:44
096,39.991596,116.330283,2008-11-07 13:31:46
096,39.991606,116.3303,2008-11-07 13:31:48
096,39.991601,116.330309,2008-11-07 13:31:50
096,39.991597,116.330318,2008-11-07 13:31:52
096,39.991573,116.330334,2008-11-07 13:31:54
096,39.991565,116.330349,2008-11-07 13:31:56
096,39.991566,116.330362,2008-11-07 13:31:58
096,39.991566,116.330377,2008-11-07 13:32:00
096,39.991561,116.330396,2008-11-07 13:32:02
096,39.991564,116.330418,2008-11-07 13:32:04
096,39.991557,116.330443,2008-11-07 13:32:06
096,39.991576,116.330472,2008-11-07 13:32:08
096,39.991589,116.3305,2008-11-07 13:32:10
096,39.991581,116.330518,2008-11-07 13:32:12
096,39.991567,116.330533,2008-11-07 13:32:14
096,39.991565,116.330549,2008-11-07 13:32:16
096,39.99158,116.33058,2008-11-07 13:32:18
096,39.991576,116.330597,2008-11-07 13:32:20
096,39.991583,116.330614,2008-11-07 13:32:22
096,39.991597,116.330632,2008-11-07 13:32:24
096,39.991591,116.330646,2008-11-07 13:32:26
096,39.991589,116.330663,2008-11-07 13:32:28
096,39.991602,116.330686,2008-11-07 13:32:30
096,39.991615,116.330705,2008-11-07 13:32:32
096,39.991611,116.330723,2008-11-07 13:32:34
096,39.991619,116.330754,2008-11-07 13:32:36
096,39.991621,116.330773,2008-11-07 13:32:38
096,39.99161,116.330787,2008-11-07 13:32:40
096,39.991618,116.330819,2008-11-07 13:32:42
096,39.991623,116.33084,2008-11-07 13:32:44
096,39.99162,116.330863,2008-11-07 13:32:46
096,39.991641,116.330879,2008-11-07 13:32:48
096,39.99164,116.330897,2008-11-07 13:32:50
096,39.991649,116.330921,2008-11-07 13:32:52
096,39.991633,116.330931,2008-11-07 13:32:54
096,39.991625,116.330934,2008-11-07 13:32:56
096,39.991634,116.330955,2008-11-07 13:32:58
096,39.99164,116.330978,2008-11-07 13:33:00
096,39.991645,116.331002,2008-11-07 13:33:02
096,39.991643,116.33101,2008-11-07 13:33:04
096,39.991645,116.331022,2008-11-07 13:33:06
096,39.991633,116.331032,2008-11-07 13:33:08
096,39.991628,116.331047,2008-11-07 13:33:10
096,39.991628,116.331047,2008-11-07 13:33:12
096,39.991626,116.331048,2008-11-07 13:33:14
096,39.991627,116.331057,2008-11-07 13:33:16
096,39.991631,116.331088,2008-11-07 13:33:18
096,39.991626,116.3311,2008-11-07 13:33:20
096,39.991641,116.331134,2008-11-07 13:33:22
096,39.991638,116.331154,2008-11-07 13:33:24
096,39.991638,116.331164,2008-11-07 13:33:26
096,39.991643,116.331186,2008-11-07 13:33:28
096,39.991641,116.331199,2008-11-07 13:33:30
096,39.991631,116.33121,2008-11-07 13:33:32
096,39.991627,116.33124,2008-11-07 13:33:34
096,39.991623,116.331264,2008-11-07 13:33:36
096,39.991614,116.331281,2008-11-07 13:33:38
096,39.991611,116.331283,2008-11-07 13:33:40
096,39.991607,116.331285,2008-11-07 13:33:42
096,39.991603,116.331286,2008-11-07 13:33:44
096,39.9916,116.331296,2008-11-07 13:33:46
096,39.991613,116.331321,2008-11-07 13:33:48
096,39.991633,116.331336,2008-11-07 13:33:50
096,39.991645,116.331339,2008-11-07 13:33:52
096,39.991659,116.331362,2008-11-07 13:33:54
096,39.991669,116.331387,2008-11-07 13:33:56
096,39.991682,116.331386,2008-11-07 13:33:58
096,39.991698,116.331382,2008-11-07 13:34:00
096,39.991712,116.331382,2008-11-07 13:34:02
096,39.991721,116.331387,2008-11-07 13:34:04
096,39.991711,116.331414,2008-11-07 13:34:06
096,39.991717,116.331412,2008-11-07 13:34:08
096,39.991721,116.331412,2008-11-07 13:34:10
096,39.991724,116.331412,2008-11-07 13:34:12
096,39.991728,116.331412,2008-11-07 13:34:14
096,39.991731,116.331411,2008-11-07 13:34:16
096,39.991742,116.331417,2008-11-07 13:34:18
096,39.991761,116.331426,2008-11-07 13:34:20
096,39.991773,116.331454,2008-11-07 13:34:22
096,39.99176,116.331493,2008-11-07 13:34:24
096,39.991763,116.33153,2008-11-07 13:34:26
096,39.991729,116.331856,2008-11-07 13:37:16
096,39.991724,116.331879,2008-11-07 13:37:18
096,39.991723,116.331879,2008-11-07 13:37:20
096,39.991721,116.331879,2008-11-07 13:37:22
096,39.991719,116.331879,2008-11-07 13:37:24
096,39.991715,116.33188,2008-11-07 13:37:26
096,39.991688,116.331878,2008-11-07 13:37:28
096,39.991693,116.331913,2008-11-07 13:37:30
096,39.99171,116.33193,2008-11-07 13:37:32
096,39.991724,116.331921,2008-11-07 13:37:34
096,39.991716,116.331906,2008-11-07 13:37:36
096,39.991726,116.331891,2008-11-07 13:37:38
096,39.991733,116.331881,2008-11-07 13:37:40
096,39.991726,116.33185,2008-11-07 13:37:42
096,39.99173,116.331834,2008-11-07 13:37:44
096,39.991734,116.331826,2008-11-07 13:37:46
096,39.991728,116.331831,2008-11-07 13:37:48
096,39.991726,116.331845,2008-11-07 13:37:50
096,39.991727,116.33186,2008-11-07 13:37:52
096,39.991715,116.331895,2008-11-07 13:37:54
096,39.991747,116.331957,2008-11-07 13:37:56
096,39.991781,116.331973,2008-11-07 13:37:58
096,39.991804,116.331965,2008-11-07 13:38:00
096,39.991821,116.331985,2008-11-07 13:38:02
096,39.991794,116.332034,2008-11-07 13:38:04
096,39.99179,116.332049,2008-11-07 13:38:06
096,39.9918,116.332057,2008-11-07 13:38:08
096,39.991798,116.332064,2008-11-07 13:38:10
096,39.991797,116.332084,2008-11-07 13:38:12
096,39.991805,116.332087,2008-11-07 13:38:14
096,39.991761,116.33206,2008-11-07 13:38:16
096,39.991733,116.332062,2008-11-07 13:38:18
096,39.99173,116.332062,2008-11-07 13:38:20
096,39.991728,116.332061,2008-11-07 13:38:22
096,39.991728,116.332061,2008-11-07 13:38:24
096,39.991725,116.332061,2008-11-07 13:38:26
096,39.991723,116.332061,2008-11-07 13:38:28
096,39.991722,116.332061,2008-11-07 13:38:30
096,39.991721,116.332061,2008-11-07 13:38:32
096,39.99172,116.33206,2008-11-07 13:38:34
096,39.99172,116.332059,2008-11-07 13:38:36
096,39.991721,116.332059,2008-11-07 13:38:38
096,39.991723,116.332058,2008-11-07 13:38:40
096,39.991723,116.332058,2008-11-07 13:38:42
096,39.991725,116.332057,2008-11-07 13:38:44
096,39.991729,116.332056,2008-11-07 13:38:46
096,39.991731,116.332055,2008-11-07 13:38:48
096,39.991732,116.332052,2008-11-07 13:38:50
096,39.991733,116.332051,2008-11-07 13:38:52
096,39.991734,116.33205,2008-11-07 13:38:54
096,39.991737,116.33205,2008-11-07 13:38:56
096,39.991735,116.33205,2008-11-07 13:38:58
096,39.991733,116.33205,2008-11-07 13:39:00
096,39.991733,116.332049,2008-11-07 13:39:02
096,39.991732,116.332049,2008-11-07 13:39:04
096,39.991732,116.332049,2008-11-07 13:39:06
096,39.991732,116.332049,2008-11-07 13:39:08
096,39.991731,116.332049,2008-11-07 13:39:10
096,39.991728,116.332048,2008-11-07 13:39:12
096,39.991727,116.332048,2008-11-07 13:39:14
096,39.991729,116.332047,2008-11-07 13:39:16
096,39.991732,116.332046,2008-11-07 13:39:18
096,39.991732,116.332045,2008-11-07 13:39:20
096,39.991733,116.332045,2008-11-07 13:39:22
096,39.991734,116.332044,2008-11-07 13:39:24
096,39.991736,116.332043,2008-11-07 13:39:26
096,39.991739,116.332043,2008-11-07 13:39:28
096,39.991741,116.332042,2008-11-07 13:39:30
096,39.991742,116.332043,2008-11-07 13:39:32
096,39.991743,116.332043,2008-11-07 13:39:34
096,39.991743,116.332043,2008-11-07 13:39:36
096,39.991905,116.332206,2008-11-07 13:41:18
096,39.992073,116.332283,2008-11-07 13:41:20
096,39.992302,116.332336,2008-11-07 13:41:22
096,39.992607,116.332354,2008-11-07 13:41:24
096,39.993695,116.332254,2008-11-07 13:41:26
096,39.994825,116.331799,2008-11-07 13:41:28
096,39.995234,116.331698,2008-11-07 13:41:30
096,39.995588,116.331665,2008-11-07 13:41:32
096,39.995944,116.331653,2008-11-07 13:41:34
096,39.996289,116.331648,2008-11-07 13:41:36
096,39.996648,116.331618,2008-11-07 13:41:38
096,39.997003,116.331599,2008-11-07 13:41:40
096,39.997362,116.331583,2008-11-07 13:41:42
096,39.99771,116.331545,2008-11-07 13:41:44
096,39.998041,116.331519,2008-11-07 13:41:46
096,39.99837,116.331499,2008-11-07 13:41:48
096,39.998702,116.33148,2008-11-07 13:41:50
096,39.999034,116.331463,2008-11-07 13:41:52
096,39.999366,116.331447,2008-11-07 13:41:54
096,39.999722,116.331413,2008-11-07 13:41:56
096,40.000053,116.33141,2008-11-07 13:41:58
096,40.000389,116.331398,2008-11-07 13:42:00
096,40.000732,116.331391,2008-11-07 13:42:02
096,40.001059,116.331379,2008-11-07 13:42:04
096,40.001378,116.331371,2008-11-07 13:42:06
096,40.001746,116.331327,2008-11-07 13:42:08
096,40.00209,116.331294,2008-11-07 13:42:10
096,40.002436,116.331262,2008-11-07 13:42:12
096,40.002783,116.331247,2008-11-07 13:42:14
096,40.003132,116.331232,2008-11-07 13:42:16
096,40.003476,116.331206,2008-11-07 13:42:18
096,40.003816,116.33118,2008-11-07 13:42:20
096,40.00415,116.331153,2008-11-07 13:42:22
096,40.004491,116.331122,2008-11-07 13:42:24
096,40.00483,116.331082,2008-11-07 13:42:26
096,40.005166,116.331039,2008-11-07 13:42:28
096,40.019152,116.318527,2008-11-07 13:44:10
096,40.019749,116.318656,2008-11-07 13:44:12
096,40.020213,116.318643,2008-11-07 13:44:14
096,40.020531,116.318511,2008-11-07 13:44:16
096,40.020862,116.318342,2008-11-07 13:44:18
096,40.021188,116.318192,2008-11-07 13:44:20
096,40.021516,116.318041,2008-11-07 13:44:22
096,40.021828,116.31788,2008-11-07 13:44:24
096,40.022144,116.317716,2008-11-07 13:44:26
096,40.022473,116.317539,2008-11-07 13:44:28
096,40.022806,116.317376,2008-11-07 13:44:30
096,40.02314,116.317212,2008-11-07 13:44:32
096,40.023459,116.317077,2008-11-07 13:44:34
096,40.023766,116.317017,2008-11-07 13:44:36
096,40.024078,116.316936,2008-11-07 13:44:38
096,40.024384,116.31684,2008-11-07 13:44:40
096,40.024686,116.316757,2008-11-07 13:44:42
096,40.02498,116.316644,2008-11-07 13:44:44
096,40.025272,116.31653,2008-11-07 13:44:46
096,40.025552,116.31642,2008-11-07 13:44:48
096,40.025826,116.316315,2008-11-07 13:44:50
096,40.0261,116.316207,2008-11-07 13:44:52
096,40.026392,116.31609,2008-11-07 13:44:54
096,40.026705,116.315972,2008-11-07 13:44:56
096,40.027033,116.315837,2008-11-07 13:44:58
096,40.027363,116.3157,2008-11-07 13:45:00
096,40.027683,116.315558,2008-11-07 13:45:02
096,40.028001,116.315427,2008-11-07 13:45:04
096,40.028314,116.315308,2008-11-07 13:45:06
096,40.028629,116.31519,2008-11-07 13:45:08
096,40.028965,116.315073,2008-11-07 13:45:10
096,40.02927,116.31496,2008-11-07 13:45:12
096,40.029569,116.314839,2008-11-07 13:45:14
096,40.029873,116.314721,2008-11-07 13:45:16
096,40.030167,116.314603,2008-11-07 13:45:18
096,40.030435,116.314493,2008-11-07 13:45:20
096,40.030673,116.314386,2008-11-07 13:45:22
096,40.030891,116.314281,2008-11-07 13:45:24
096,40.031091,116.314184,2008-11-07 13:45:26
096,40.031249,116.314103,2008-11-07 13:45:28
096,40.031387,116.314045,2008-11-07 13:45:30
096,40.031512,116.313988,2008-11-07 13:45:32
096,40.031637,116.313932,2008-11-07 13:45:34
096,40.031755,116.313875,2008-11-07 13:45:36
096,40.031873,116.313805,2008-11-07 13:45:38
096,40.031995,116.313729,2008-11-07 13:45:40
096,40.032107,116.313659,2008-11-07 13:45:42
096,40.032216,116.313585,2008-11-07 13:45:44
096,40.032322,116.313511,2008-11-07 13:45:46
096,40.032417,116.313436,2008-11-07 13:45:48
096,40.032497,116.313367,2008-11-07 13:45:50
096,40.032557,116.313311,2008-11-07 13:45:52
096,40.032609,116.313256,2008-11-07 13:45:54
096,40.032665,116.313196,2008-11-07 13:45:56
096,40.032705,116.313152,2008-11-07 13:45:58
096,40.032719,116.313144,2008-11-07 13:46:00
096,40.032716,116.313166,2008-11-07 13:46:02
096,40.032688,116.313214,2008-11-07 13:46:04
096,40.032666,116.313245,2008-11-07 13:46:06
096,40.032643,116.313254,2008-11-07 13:46:08
096,40.032635,116.31326,2008-11-07 13:46:10
096,40.032543,116.313314,2008-11-07 13:46:12
096,40.032414,116.313391,2008-11-07 13:46:14
096,40.03232,116.313459,2008-11-07 13:46:16
096,40.032278,116.313494,2008-11-07 13:46:18
096,40.032255,116.313524,2008-11-07 13:46:20
096,40.032223,116.313568,2008-11-07 13:46:22
096,40.032204,116.313605,2008-11-07 13:46:24
096,40.032191,116.313635,2008-11-07 13:46:26
096,40.032195,116.313661,2008-11-07 13:46:28
096,40.032209,116.313683,2008-11-07 13:46:30
096,40.032277,116.313699,2008-11-07 13:46:32
096,40.03235,116.31371,2008-11-07 13:46:34
096,40.032438,116.313687,2008-11-07 13:46:36
096,40.032595,116.313606,2008-11-07 13:46:38
096,40.032802,116.313493,2008-11-07 13:46:40
096,40.033036,116.313371,2008-11-07 13:46:42
096,40.033298,116.313243,2008-11-07 13:46:44
096,40.033617,116.313087,2008-11-07 13:46:46
096,40.034016,116.312874,2008-11-07 13:46:48
096,40.03438,116.312683,2008-11-07 13:46:50
096,40.034839,116.312406,2008-11-07 13:46:52
096,40.035149,116.312141,2008-11-07 13:46:54
096,40.035451,116.311926,2008-11-07 13:46:56
096,40.035749,116.311702,2008-11-07 13:46:58
096,40.03604,116.311478,2008-11-07 13:47:00
096,40.036311,116.311257,2008-11-07 13:47:02
096,40.036608,116.311015,2008-11-07 13:47:04
096,40.036894,116.310784,2008-11-07 13:47:06
096,40.037175,116.310552,2008-11-07 13:47:08
096,40.037448,116.310312,2008-11-07 13:47:10
096,40.037712,116.310045,2008-11-07 13:47:12
096,40.037967,116.30976,2008-11-07 13:47:14
096,40.038221,116.309465,2008-11-07 13:47:16
096,40.038465,116.309154,2008-11-07 13:47:18
096,40.038709,116.308836,2008-11-07 13:47:20
096,40.038962,116.308516,2008-11-07 13:47:22
096,40.039212,116.308207,2008-11-07 13:47:24
096,40.039465,116.307911,2008-11-07 13:47:26
096,40.03971,116.307657,2008-11-07 13:47:28
096,40.039963,116.307418,2008-11-07 13:47:30
096,40.040244,116.307216,2008-11-07 13:47:32
096,40.040596,116.307021,2008-11-07 13:47:34
096,40.040922,116.306842,2008-11-07 13:47:36
096,40.041211,116.306675,2008-11-07 13:47:38
096,40.041504,116.306507,2008-11-07 13:47:40
096,40.041801,116.30632,2008-11-07 13:47:42
096,40.042094,116.306135,2008-11-07 13:47:44
096,40.042389,116.305976,2008-11-07 13:47:46
096,40.042688,116.305812,2008-11-07 13:47:48
096,40.042982,116.305649,2008-11-07 13:47:50
096,40.043279,116.305481,2008-11-07 13:47:52
096,40.043573,116.3053,2008-11-07 13:47:54
096,40.043877,116.305099,2008-11-07 13:47:56
096,40.044177,116.304908,2008-11-07 13:47:58
096,40.044473,116.30473,2008-11-07 13:48:00
096,40.04477,116.304554,2008-11-07 13:48:02
096,40.04507,116.304362,2008-11-07 13:48:04
096,40.045379,116.304161,2008-11-07 13:48:06
096,40.045685,116.303953,2008-11-07 13:48:08
096,40.046003,116.303736,2008-11-07 13:48:10
096,40.046319,116.303512,2008-11-07 13:48:12
096,40.046627,116.303291,2008-11-07 13:48:14
096,40.046925,116.303065,2008-11-07 13:48:16
096,40.047217,116.30283,2008-11-07 13:48:18
096,40.047509,116.302602,2008-11-07 13:48:20
096,40.047792,116.302389,2008-11-07 13:48:22
096,40.048081,116.302183,2008-11-07 13:48:24
096,40.048359,116.302001,2008-11-07 13:48:26
096,40.048618,116.301847,2008-11-07 13:48:28
096,40.04886,116.301707,2008-11-07 13:48:30
096,40.049067,116.301599,2008-11-07 13:48:32
096,40.049257,116.30151,2008-11-07 13:48:34
096,40.049437,116.301444,2008-11-07 13:48:36
096,40.049597,116.30138,2008-11-07 13:48:38
096,40.049716,116.301339,2008-11-07 13:48:40
096,40.049831,116.301294,2008-11-07 13:48:42
096,40.049949,116.301247,2008-11-07 13:48:44
096,40.050082,116.301197,2008-11-07 13:48:46
096,40.050214,116.30114,2008-11-07 13:48:48
096,40.050333,116.301084,2008-11-07 13:48:50
096,40.050448,116.301024,2008-11-07 13:48:52
096,40.050561,116.300969,2008-11-07 13:48:54
096,40.050672,116.30091,2008-11-07 13:48:56
096,40.050771,116.300842,2008-11-07 13:48:58
096,40.050856,116.300766,2008-11-07 13:49:00
096,40.050924,116.300719,2008-11-07 13:49:02
096,40.050969,116.300662,2008-11-07 13:49:04
096,40.050992,116.300612,2008-11-07 13:49:06
096,40.051,116.300586,2008-11-07 13:49:08
096,40.051011,116.300577,2008-11-07 13:49:10
096,40.051018,116.300575,2008-11-07 13:49:12
096,40.051012,116.300579,2008-11-07 13:49:14
096,40.051008,116.300587,2008-11-07 13:49:16
096,40.050998,116.300592,2008-11-07 13:49:18
096,40.050993,116.300596,2008-11-07 13:49:20
096,40.050995,116.300596,2008-11-07 13:49:22
096,40.050981,116.300594,2008-11-07 13:49:24
096,40.050971,116.300584,2008-11-07 13:49:26
096,40.050966,116.300565,2008-11-07 13:49:28
096,40.050962,116.300544,2008-11-07 13:49:30
096,40.05096,116.300524,2008-11-07 13:49:32
096,40.050957,116.300504,2008-11-07 13:49:34
096,40.050953,116.300498,2008-11-07 13:49:36
096,40.050947,116.300498,2008-11-07 13:49:38
096,40.050939,116.3005,2008-11-07 13:49:40
096,40.050932,116.300501,2008-11-07 13:49:42
096,40.050927,116.300508,2008-11-07 13:49:44
096,40.050929,116.300516,2008-11-07 13:49:46
096,40.050931,116.30054,2008-11-07 13:49:48
096,40.050939,116.30056,2008-11-07 13:49:50
096,40.050948,116.30057,2008-11-07 13:49:52
096,40.050955,116.30056,2008-11-07 13:49:54
096,40.050965,116.300549,2008-11-07 13:49:56
096,40.050981,116.30053,2008-11-07 13:49:58
096,40.050999,116.3005,2008-11-07 13:50:00
096,40.051019,116.300436,2008-11-07 13:50:02
096,40.051048,116.300425,2008-11-07 13:50:04
096,40.051107,116.300377,2008-11-07 13:50:06
096,40.051193,116.300356,2008-11-07 13:50:08
096,40.051303,116.300325,2008-11-07 13:50:10
096,40.051439,116.30029,2008-11-07 13:50:12
096,40.051689,116.300218,2008-11-07 13:50:14
096,40.052041,116.300074,2008-11-07 13:50:16
096,40.052422,116.299873,2008-11-07 13:50:18
096,40.052822,116.299658,2008-11-07 13:50:20
096,40.053218,116.29944,2008-11-07 13:50:22
096,40.053615,116.29921,2008-11-07 13:50:24
096,40.054009,116.298969,2008-11-07 13:50:26
096,40.055128,116.298483,2008-11-07 13:50:28
096,40.055814,116.298142,2008-11-07 13:50:30
096,40.056318,116.297861,2008-11-07 13:50:32
096,40.056765,116.297582,2008-11-07 13:50:34
096,40.057162,116.297344,2008-11-07 13:50:36
096,40.057545,116.297109,2008-11-07 13:50:38
096,40.057907,116.296892,2008-11-07 13:50:40
096,40.058258,116.296686,2008-11-07 13:50:42
096,40.058605,116.296482,2008-11-07 13:50:44
096,40.058943,116.296291,2008-11-07 13:50:46
096,40.059277,116.296103,2008-11-07 13:50:48
096,40.059605,116.295906,2008-11-07 13:50:50
096,40.059911,116.295725,2008-11-07 13:50:52
096,40.060216,116.295556,2008-11-07 13:50:54
096,40.060511,116.295383,2008-11-07 13:50:56
096,40.060797,116.295192,2008-11-07 13:50:58
096,40.061072,116.294976,2008-11-07 13:51:00
096,40.061336,116.294733,2008-11-07 13:51:02
096,40.06159,116.294481,2008-11-07 13:51:04
096,40.061835,116.294229,2008-11-07 13:51:06
096,40.062098,116.293978,2008-11-07 13:51:08
096,40.062366,116.293724,2008-11-07 13:51:10
096,40.062635,116.293468,2008-11-07 13:51:12
096,40.062907,116.293226,2008-11-07 13:51:14
096,40.063179,116.292987,2008-11-07 13:51:16
096,40.069351,116.305154,2008-11-07 13:52:38
096,40.06921,116.305555,2008-11-07 13:52:40
096,40.06912,116.306012,2008-11-07 13:52:42
096,40.069261,116.306632,2008-11-07 13:52:44
096,40.069313,116.307108,2008-11-07 13:52:46
096,40.069409,116.307537,2008-11-07 13:52:48
096,40.069466,116.307964,2008-11-07 13:52:50
096,40.069482,116.308387,2008-11-07 13:52:52
096,40.069474,116.308813,2008-11-07 13:52:54
096,40.069489,116.309219,2008-11-07 13:52:56
096,40.069496,116.309628,2008-11-07 13:52:58
096,40.069512,116.310042,2008-11-07 13:53:00
096,40.069525,116.310481,2008-11-07 13:53:02
096,40.069545,116.310869,2008-11-07 13:53:04
096,40.069579,116.311218,2008-11-07 13:53:06
096,40.069599,116.311529,2008-11-07 13:53:08
096,40.06961,116.311806,2008-11-07 13:53:10
096,40.069625,116.312049,2008-11-07 13:53:12
096,40.069645,116.312266,2008-11-07 13:53:14
096,40.069663,116.31247,2008-11-07 13:53:16
096,40.069675,116.31266,2008-11-07 13:53:18
096,40.069689,116.31285,2008-11-07 13:53:20
096,40.069691,116.313004,2008-11-07 13:53:22
096,40.069691,116.313118,2008-11-07 13:53:24
096,40.069689,116.313198,2008-11-07 13:53:26
096,40.069691,116.313255,2008-11-07 13:53:28
096,40.069925,116.313121,2008-11-07 13:56:20
096,40.069956,116.313125,2008-11-07 13:56:22
096,40.069989,116.313123,2008-11-07 13:56:24
096,40.070012,116.313112,2008-11-07 13:56:26
096,40.070033,116.313084,2008-11-07 13:56:28
096,40.070043,116.313052,2008-11-07 13:56:30
096,40.070054,116.313002,2008-11-07 13:56:32
096,40.07006,116.312966,2008-11-07 13:56:34
096,40.070062,116.312943,2008-11-07 13:56:36
096,40.07007,116.312914,2008-11-07 13:56:38
096,40.070079,116.312905,2008-11-07 13:56:40
096,40.070095,116.312881,2008-11-07 13:56:42
096,40.070098,116.312838,2008-11-07 13:56:44
096,40.070104,116.312815,2008-11-07 13:56:46
096,40.070121,116.312789,2008-11-07 13:56:48
096,40.070133,116.31277,2008-11-07 13:56:50
096,40.070129,116.312751,2008-11-07 13:56:52
096,40.070127,116.312737,2008-11-07 13:56:54
096,40.070139,116.312738,2008-11-07 13:56:56
096,40.070153,116.312747,2008-11-07 13:56:58
096,40.070161,116.312758,2008-11-07 13:57:00
096,40.070165,116.312752,2008-11-07 13:57:02
096,40.070157,116.312754,2008-11-07 13:57:04
096,40.070156,116.312755,2008-11-07 13:57:06
096,40.070153,116.312756,2008-11-07 13:57:08
096,40.070151,116.312757,2008-11-07 13:57:10
096,40.070152,116.312757,2008-11-07 13:57:12
096,40.070155,116.312756,2008-11-07 13:57:14
096,40.070153,116.312757,2008-11-07 13:57:16
096,40.07015,116.312758,2008-11-07 13:57:18
096,40.07015,116.312757,2008-11-07 13:57:20
096,40.07015,116.312757,2008-11-07 13:57:22
096,40.070148,116.312758,2008-11-07 13:57:24
096,40.070147,116.312758,2008-11-07 13:57:26
096,40.070149,116.312759,2008-11-07 13:57:28
096,40.070147,116.312759,2008-11-07 13:57:30
096,40.070145,116.312759,2008-11-07 13:57:32
096,40.070142,116.312759,2008-11-07 13:57:34
096,40.070137,116.312752,2008-11-07 13:57:36
096,40.070145,116.312742,2008-11-07 13:57:38
096,40.070149,116.312746,2008-11-07 13:57:40
096,40.070148,116.312746,2008-11-07 13:57:42
096,40.070147,116.312746,2008-11-07 13:57:44
096,40.070147,116.312746,2008-11-07 13:57:46
096,40.070149,116.312746,2008-11-07 13:57:48
096,40.070151,116.312747,2008-11-07 13:57:50
096,40.070152,116.312747,2008-11-07 13:57:52
096,40.070151,116.312748,2008-11-07 13:57:54
096,40.070152,116.312748,2008-11-07 13:57:56
096,40.070153,116.312749,2008-11-07 13:57:58
096,40.070151,116.312749,2008-11-07 13:58:00
096,40.070152,116.312749,2008-11-07 13:58:02
096,40.07015,116.31275,2008-11-07 13:58:04
096,40.070146,116.31275,2008-11-07 13:58:06
096,40.070145,116.31275,2008-11-07 13:58:08
096,40.070145,116.31275,2008-11-07 13:58:10
096,40.070145,116.31275,2008-11-07 13:58:12
096,40.070145,116.31275,2008-11-07 13:58:14
096,40.070147,116.31275,2008-11-07 13:58:16
096,40.070147,116.31275,2008-11-07 13:58:18
096,40.070149,116.31275,2008-11-07 13:58:20
096,40.070152,116.312751,2008-11-07 13:58:22
096,40.070151,116.312752,2008-11-07 13:58:24
096,40.070147,116.312752,2008-11-07 13:58:26
096,40.070144,116.312752,2008-11-07 13:58:28
096,40.07014,116.312752,2008-11-07 13:58:30
096,40.070136,116.312752,2008-11-07 13:58:32
096,40.070133,116.312753,2008-11-07 13:58:34
096,40.070133,116.312753,2008-11-07 13:58:36
096,40.070133,116.312754,2008-11-07 13:58:38
096,40.070131,116.312754,2008-11-07 13:58:40
096,40.070131,116.312755,2008-11-07 13:58:42
096,40.070132,116.312755,2008-11-07 13:58:44
096,40.070133,116.312756,2008-11-07 13:58:46
096,40.070133,116.312786,2008-11-07 13:58:48
096,40.070152,116.312771,2008-11-07 13:58:50
096,40.070161,116.312773,2008-11-07 13:58:52
096,40.070165,116.312776,2008-11-07 13:58:54
096,40.070151,116.312791,2008-11-07 13:58:56
096,40.07015,116.312798,2008-11-07 13:58:58
096,40.070153,116.312799,2008-11-07 13:59:00
096,40.070155,116.312808,2008-11-07 13:59:02
096,40.070157,116.312811,2008-11-07 13:59:04
096,40.070156,116.312814,2008-11-07 13:59:06
096,40.070154,116.312824,2008-11-07 13:59:08
096,40.070156,116.312829,2008-11-07 13:59:10
096,40.070156,116.312832,2008-11-07 13:59:12
096,40.070302,116.312602,2008-11-07 14:06:00
096,40.070347,116.312541,2008-11-07 14:06:02
096,40.070508,116.312315,2008-11-07 14:06:04
096,40.07069,116.311476,2008-11-07 14:06:06
096,40.070842,116.310949,2008-11-07 14:06:08
096,40.070867,116.310725,2008-11-07 14:06:10
096,40.070886,116.310632,2008-11-07 14:06:12
096,40.070903,116.31057,2008-11-07 14:06:14
096,40.070906,116.310516,2008-11-07 14:06:16
096,40.070902,116.310483,2008-11-07 14:06:18
096,40.070921,116.310449,2008-11-07 14:06:20
096,40.070954,116.310391,2008-11-07 14:06:22
096,40.071006,116.310329,2008-11-07 14:06:24
096,40.071063,116.310281,2008-11-07 14:06:26
096,40.071127,116.31022,2008-11-07 14:06:28
096,40.0712,116.310139,2008-11-07 14:06:30
096,40.071286,116.310038,2008-11-07 14:06:32
096,40.071369,116.309954,2008-11-07 14:06:34
096,40.071453,116.309868,2008-11-07 14:06:36
096,40.071543,116.309778,2008-11-07 14:06:38
096,40.071639,116.309681,2008-11-07 14:06:40
096,40.071727,116.309588,2008-11-07 14:06:42
096,40.071851,116.309544,2008-11-07 14:06:44
096,40.071959,116.309447,2008-11-07 14:06:46
096,40.072058,116.309388,2008-11-07 14:06:48
096,40.072171,116.309269,2008-11-07 14:06:50
096,40.072275,116.309159,2008-11-07 14:06:52
096,40.072375,116.309048,2008-11-07 14:06:54
096,40.072513,116.308962,2008-11-07 14:06:56
096,40.072656,116.308884,2008-11-07 14:06:58
096,40.072768,116.308804,2008-11-07 14:07:00
096,40.072894,116.308696,2008-11-07 14:07:02
096,40.073022,116.308591,2008-11-07 14:07:04
096,40.073161,116.308501,2008-11-07 14:07:06
096,40.073307,116.3084,2008-11-07 14:07:08
096,40.073435,116.308296,2008-11-07 14:07:10
096,40.073579,116.308198,2008-11-07 14:07:12
096,40.07373,116.3081,2008-11-07 14:07:14
096,40.073885,116.307995,2008-11-07 14:07:16
096,40.074042,116.307879,2008-11-07 14:07:18
096,40.074171,116.307773,2008-11-07 14:07:20
096,40.074314,116.307667,2008-11-07 14:07:22
096,40.074464,116.307553,2008-11-07 14:07:24
096,40.074621,116.30744,2008-11-07 14:07:26
096,40.074782,116.307324,2008-11-07 14:07:28
096,40.074945,116.307213,2008-11-07 14:07:30
096,40.075106,116.307111,2008-11-07 14:07:32
096,40.07526,116.306996,2008-11-07 14:07:34
096,40.075403,116.306886,2008-11-07 14:07:36
096,40.075534,116.306782,2008-11-07 14:07:38
096,40.075665,116.306697,2008-11-07 14:07:40
096,40.075794,116.306605,2008-11-07 14:07:42
096,40.075915,116.306512,2008-11-07 14:07:44
096,40.076031,116.306411,2008-11-07 14:07:46
096,40.076155,116.3063,2008-11-07 14:07:48
096,40.076285,116.306191,2008-11-07 14:07:50
096,40.076415,116.306078,2008-11-07 14:07:52
096,40.076552,116.305955,2008-11-07 14:07:54
096,40.076699,116.305824,2008-11-07 14:07:56
096,40.07686,116.305675,2008-11-07 14:07:58
096,40.076946,116.305601,2008-11-07 14:07:59
096,40.077135,116.305434,2008-11-07 14:08:01
096,40.077321,116.305291,2008-11-07 14:08:03
096,40.077538,116.305196,2008-11-07 14:08:05
096,40.077737,116.305078,2008-11-07 14:08:07
096,40.077888,116.304978,2008-11-07 14:08:09
096,40.078018,116.304865,2008-11-07 14:08:11
096,40.078123,116.304753,2008-11-07 14:08:13
096,40.078223,116.30466,2008-11-07 14:08:15
096,40.078344,116.304554,2008-11-07 14:08:17
096,40.078422,116.304481,2008-11-07 14:08:19
096,40.078502,116.304416,2008-11-07 14:08:21
096,40.078565,116.304374,2008-11-07 14:08:23
096,40.078595,116.304347,2008-11-07 14:08:25
096,40.078618,116.304324,2008-11-07 14:08:27
096,40.078616,116.304322,2008-11-07 14:08:29
096,40.078608,116.304318,2008-11-07 14:08:31
096,40.07861,116.304294,2008-11-07 14:08:33
096,40.078613,116.304265,2008-11-07 14:08:35
096,40.078617,116.30425,2008-11-07 14:08:37
096,40.078633,116.304264,2008-11-07 14:08:39
096,40.078658,116.30427,2008-11-07 14:08:41
096,40.0787,116.304259,2008-11-07 14:08:43
096,40.078758,116.304221,2008-11-07 14:08:45
096,40.07882,116.304174,2008-11-07 14:08:47
096,40.078905,116.304124,2008-11-07 14:08:49
096,40.078991,116.304054,2008-11-07 14:08:51
096,40.079062,116.303939,2008-11-07 14:08:53
096,40.079139,116.303879,2008-11-07 14:08:55
096,40.079223,116.303813,2008-11-07 14:08:57
096,40.079285,116.303744,2008-11-07 14:08:59
096,40.079347,116.303668,2008-11-07 14:09:01
096,40.079406,116.303592,2008-11-07 14:09:03
096,40.07948,116.303522,2008-11-07 14:09:05
096,40.079578,116.303451,2008-11-07 14:09:07
096,40.079675,116.303378,2008-11-07 14:09:09
096,40.07979,116.303291,2008-11-07 14:09:11
096,40.080011,116.30317,2008-11-07 14:09:13
096,40.080201,116.303046,2008-11-07 14:09:15
096,40.080398,116.302921,2008-11-07 14:09:17
096,40.080578,116.302803,2008-11-07 14:09:19
096,40.080785,116.302673,2008-11-07 14:09:21
096,40.080985,116.302544,2008-11-07 14:09:23
096,40.081179,116.302422,2008-11-07 14:09:25
096,40.081363,116.302304,2008-11-07 14:09:27
096,40.081549,116.30218,2008-11-07 14:09:29
096,40.081744,116.302049,2008-11-07 14:09:31
096,40.081946,116.301918,2008-11-07 14:09:33
096,40.082156,116.301786,2008-11-07 14:09:35
096,40.082365,116.301654,2008-11-07 14:09:37
096,40.082562,116.301529,2008-11-07 14:09:39
096,40.082792,116.301385,2008-11-07 14:09:41
096,40.08297,116.301159,2008-11-07 14:09:43
096,40.083171,116.300972,2008-11-07 14:09:45
096,40.08344,116.30074,2008-11-07 14:09:47
096,40.0837,116.300548,2008-11-07 14:09:49
096,40.083955,116.300361,2008-11-07 14:09:51
096,40.08417,116.300145,2008-11-07 14:09:53
096,40.084385,116.299985,2008-11-07 14:09:55
096,40.084604,116.299822,2008-11-07 14:09:57
096,40.084821,116.299655,2008-11-07 14:09:59
096,40.085028,116.299485,2008-11-07 14:10:01
096,40.085246,116.299314,2008-11-07 14:10:03
096,40.085446,116.299157,2008-11-07 14:10:05
096,40.085636,116.299007,2008-11-07 14:10:07
096,40.085819,116.298856,2008-11-07 14:10:09
096,40.086007,116.298702,2008-11-07 14:10:11
096,40.086196,116.298547,2008-11-07 14:10:13
096,40.086376,116.298401,2008-11-07 14:10:15
096,40.086558,116.298258,2008-11-07 14:10:17
096,40.086725,116.298119,2008-11-07 14:10:19
096,40.086948,116.297948,2008-11-07 14:10:21
096,40.087196,116.297805,2008-11-07 14:10:23
096,40.08738,116.297644,2008-11-07 14:10:25
096,40.087548,116.297496,2008-11-07 14:10:27
096,40.087677,116.297308,2008-11-07 14:10:29
096,40.087794,116.297155,2008-11-07 14:10:31
096,40.087916,116.297044,2008-11-07 14:10:33
096,40.088,116.296934,2008-11-07 14:10:35
096,40.088087,116.296862,2008-11-07 14:10:37
096,40.088152,116.296828,2008-11-07 14:10:39
096,40.088204,116.296833,2008-11-07 14:10:41
096,40.088232,116.296875,2008-11-07 14:10:43
096,40.088259,116.296913,2008-11-07 14:10:45
096,40.08829,116.296935,2008-11-07 14:10:47
096,40.088315,116.296936,2008-11-07 14:10:49
096,40.088321,116.296918,2008-11-07 14:10:51
096,40.088328,116.296915,2008-11-07 14:10:53
096,40.088332,116.296907,2008-11-07 14:10:55
096,40.088342,116.296915,2008-11-07 14:10:57
096,40.088355,116.29693,2008-11-07 14:10:59
096,40.088375,116.29699,2008-11-07 14:11:01
096,40.088406,116.297072,2008-11-07 14:11:03
096,40.088447,116.297176,2008-11-07 14:11:05
096,40.088508,116.297286,2008-11-07 14:11:07
096,40.088577,116.297391,2008-11-07 14:11:09
096,40.08865,116.297481,2008-11-07 14:11:11
096,40.088716,116.297594,2008-11-07 14:11:13
096,40.08879,116.297703,2008-11-07 14:11:15
096,40.088899,116.297836,2008-11-07 14:11:17
096,40.088983,116.297954,2008-11-07 14:11:19
096,40.089087,116.298113,2008-11-07 14:11:21
096,40.089156,116.298244,2008-11-07 14:11:23
096,40.08922,116.298369,2008-11-07 14:11:25
096,40.089279,116.298488,2008-11-07 14:11:27
096,40.089295,116.298596,2008-11-07 14:11:29
096,40.08931,116.298673,2008-11-07 14:11:31
