user_id,latitude,longtitude,timestamp
153,39.975616,116.329473,2011-02-25 12:00:33
153,39.975486,116.329254,2011-02-25 12:00:35
153,39.975391,116.329228,2011-02-25 12:00:36
153,39.975412,116.329238,2011-02-25 12:00:41
153,39.975461,116.329355,2011-02-25 12:00:44
153,39.975546,116.329405,2011-02-25 12:00:49
153,39.975435,116.329314,2011-02-25 12:00:54
153,39.975357,116.329231,2011-02-25 12:00:55
153,39.975265,116.329145,2011-02-25 12:00:56
153,39.975038,116.328979,2011-02-25 12:00:58
153,39.975129,116.328995,2011-02-25 12:01:03
153,39.975153,116.328942,2011-02-25 12:01:08
153,39.975173,116.328761,2011-02-25 12:01:11
153,39.975188,116.328596,2011-02-25 12:01:13
153,39.975258,116.328461,2011-02-25 12:01:15
153,39.975249,116.328319,2011-02-25 12:01:17
153,39.975236,116.328186,2011-02-25 12:01:19
153,39.97521,116.328073,2011-02-25 12:01:21
153,39.975211,116.328007,2011-02-25 12:01:26
153,39.975209,116.328001,2011-02-25 12:01:31
153,39.975209,116.328001,2011-02-25 12:01:34
153,39.975209,116.328001,2011-02-25 12:01:36
153,39.975202,116.327976,2011-02-25 12:01:41
153,39.975205,116.327811,2011-02-25 12:01:45
153,39.975204,116.327681,2011-02-25 12:01:47
153,39.975193,116.327511,2011-02-25 12:01:50
153,39.975176,116.32737,2011-02-25 12:01:52
153,39.975175,116.327185,2011-02-25 12:01:54
153,39.975179,116.32698,2011-02-25 12:01:56
153,39.975178,116.326771,2011-02-25 12:01:58
153,39.975206,116.326568,2011-02-25 12:02:00
153,39.975216,116.326351,2011-02-25 12:02:02
153,39.975206,116.326133,2011-02-25 12:02:04
153,39.9752,116.32591,2011-02-25 12:02:06
153,39.975198,116.32579,2011-02-25 12:02:07
153,39.975204,116.325671,2011-02-25 12:02:08
153,39.9752,116.325547,2011-02-25 12:02:09
153,39.975067,116.325402,2011-02-25 12:02:10
153,39.975015,116.325266,2011-02-25 12:02:11
153,39.974991,116.325134,2011-02-25 12:02:12
153,39.974973,116.324955,2011-02-25 12:02:13
153,39.97498,116.324824,2011-02-25 12:02:14
153,39.97498,116.324687,2011-02-25 12:02:15
153,39.974983,116.324542,2011-02-25 12:02:16
153,39.974986,116.324392,2011-02-25 12:02:17
153,39.974975,116.324233,2011-02-25 12:02:18
153,39.97495,116.324068,2011-02-25 12:02:19
153,39.974941,116.323938,2011-02-25 12:02:20
153,39.974945,116.323798,2011-02-25 12:02:21
153,39.974944,116.323655,2011-02-25 12:02:22
153,39.974946,116.323514,2011-02-25 12:02:23
153,39.974942,116.323385,2011-02-25 12:02:24
153,39.974937,116.323259,2011-02-25 12:02:25
153,39.974939,116.323133,2011-02-25 12:02:26
153,39.974943,116.322994,2011-02-25 12:02:27
153,39.974898,116.322846,2011-02-25 12:02:28
153,39.97489,116.322709,2011-02-25 12:02:29
153,39.974894,116.322571,2011-02-25 12:02:30
153,39.974897,116.322426,2011-02-25 12:02:31
153,39.974899,116.322271,2011-02-25 12:02:32
153,39.974879,116.322112,2011-02-25 12:02:33
153,39.97491,116.321967,2011-02-25 12:02:34
153,39.974923,116.321811,2011-02-25 12:02:35
153,39.97492,116.321653,2011-02-25 12:02:36
153,39.974922,116.321499,2011-02-25 12:02:37
153,39.974931,116.321343,2011-02-25 12:02:38
153,39.974929,116.321187,2011-02-25 12:02:39
153,39.974925,116.321037,2011-02-25 12:02:40
153,39.974924,116.320888,2011-02-25 12:02:41
153,39.974917,116.320741,2011-02-25 12:02:42
153,39.974912,116.320598,2011-02-25 12:02:43
153,39.974908,116.320454,2011-02-25 12:02:44
153,39.974919,116.320318,2011-02-25 12:02:45
153,39.974927,116.320188,2011-02-25 12:02:46
153,39.974937,116.32005,2011-02-25 12:02:47
153,39.974948,116.319842,2011-02-25 12:02:49
153,39.974948,116.319665,2011-02-25 12:02:51
153,39.974941,116.319511,2011-02-25 12:02:53
153,39.974935,116.319374,2011-02-25 12:02:55
153,39.97495,116.319256,2011-02-25 12:02:58
153,39.974938,116.319257,2011-02-25 12:03:03
153,39.974938,116.31926,2011-02-25 12:03:08
153,39.974938,116.31926,2011-02-25 12:03:11
153,39.974938,116.319267,2011-02-25 12:03:13
153,39.974938,116.319276,2011-02-25 12:03:18
153,39.974939,116.319265,2011-02-25 12:03:23
153,39.974939,116.319265,2011-02-25 12:03:26
153,39.974939,116.319257,2011-02-25 12:03:28
153,39.974939,116.319239,2011-02-25 12:03:33
153,39.974939,116.319231,2011-02-25 12:03:38
153,39.974939,116.319225,2011-02-25 12:03:43
153,39.974939,116.319225,2011-02-25 12:03:46
153,39.97494,116.319228,2011-02-25 12:03:48
153,39.97494,116.319217,2011-02-25 12:03:53
153,39.974941,116.319214,2011-02-25 12:03:58
153,39.974941,116.319213,2011-02-25 12:04:03
153,39.974941,116.319213,2011-02-25 12:04:06
153,39.974942,116.319213,2011-02-25 12:04:08
153,39.974942,116.319188,2011-02-25 12:04:13
153,39.974945,116.319056,2011-02-25 12:04:16
153,39.974946,116.318915,2011-02-25 12:04:18
153,39.974932,116.318742,2011-02-25 12:04:20
153,39.974917,116.318564,2011-02-25 12:04:22
153,39.97491,116.318375,2011-02-25 12:04:24
153,39.974903,116.318165,2011-02-25 12:04:26
153,39.974896,116.317941,2011-02-25 12:04:28
153,39.974838,116.317764,2011-02-25 12:04:30
153,39.974828,116.317634,2011-02-25 12:04:31
153,39.974817,116.317514,2011-02-25 12:04:32
153,39.974809,116.317383,2011-02-25 12:04:33
153,39.974798,116.317259,2011-02-25 12:04:34
153,39.974795,116.317109,2011-02-25 12:04:35
153,39.97478,116.316973,2011-02-25 12:04:36
153,39.974772,116.316818,2011-02-25 12:04:37
153,39.974761,116.316654,2011-02-25 12:04:38
153,39.974763,116.316508,2011-02-25 12:04:39
153,39.974767,116.316349,2011-02-25 12:04:40
153,39.974722,116.316066,2011-02-25 12:04:41
153,39.974714,116.315908,2011-02-25 12:04:42
153,39.97474,116.315753,2011-02-25 12:04:43
153,39.974733,116.315586,2011-02-25 12:04:44
153,39.974739,116.315404,2011-02-25 12:04:45
153,39.974759,116.315203,2011-02-25 12:04:46
153,39.974753,116.315026,2011-02-25 12:04:47
153,39.97475,116.314865,2011-02-25 12:04:48
153,39.974744,116.314704,2011-02-25 12:04:49
153,39.97474,116.314542,2011-02-25 12:04:50
153,39.974734,116.31439,2011-02-25 12:04:51
153,39.974734,116.314242,2011-02-25 12:04:52
153,39.974798,116.314131,2011-02-25 12:04:53
153,39.974792,116.313997,2011-02-25 12:04:54
153,39.974785,116.313868,2011-02-25 12:04:55
153,39.974777,116.313746,2011-02-25 12:04:56
153,39.974789,116.31354,2011-02-25 12:04:58
153,39.974782,116.31333,2011-02-25 12:05:00
153,39.97476,116.313208,2011-02-25 12:05:01
153,39.974773,116.312962,2011-02-25 12:05:03
153,39.974775,116.31276,2011-02-25 12:05:05
153,39.974789,116.312626,2011-02-25 12:05:06
153,39.974794,116.312502,2011-02-25 12:05:07
153,39.974805,116.312381,2011-02-25 12:05:08
153,39.974803,116.31221,2011-02-25 12:05:10
153,39.974788,116.312071,2011-02-25 12:05:12
153,39.974788,116.311943,2011-02-25 12:05:14
153,39.974791,116.311823,2011-02-25 12:05:18
153,39.974777,116.3118,2011-02-25 12:05:23
153,39.974776,116.311799,2011-02-25 12:05:28
153,39.974776,116.311797,2011-02-25 12:05:33
153,39.974776,116.3118,2011-02-25 12:05:38
153,39.974775,116.311805,2011-02-25 12:05:43
153,39.974775,116.311808,2011-02-25 12:05:48
153,39.974774,116.311806,2011-02-25 12:05:53
153,39.974775,116.311804,2011-02-25 12:05:58
153,39.974774,116.311806,2011-02-25 12:06:03
153,39.974774,116.311814,2011-02-25 12:06:08
153,39.974774,116.31182,2011-02-25 12:06:13
153,39.974774,116.311817,2011-02-25 12:06:18
153,39.974774,116.311817,2011-02-25 12:06:21
153,39.974773,116.311814,2011-02-25 12:06:23
153,39.974757,116.311822,2011-02-25 12:06:28
153,39.974742,116.311856,2011-02-25 12:06:33
153,39.974733,116.311884,2011-02-25 12:06:38
153,39.974733,116.311884,2011-02-25 12:06:41
153,39.974741,116.311885,2011-02-25 12:06:43
153,39.974731,116.311875,2011-02-25 12:06:48
153,39.97473,116.311885,2011-02-25 12:06:53
153,39.974742,116.311913,2011-02-25 12:06:58
153,39.974759,116.311947,2011-02-25 12:07:03
153,39.974748,116.311919,2011-02-25 12:07:08
153,39.974742,116.311883,2011-02-25 12:07:13
153,39.97473,116.311695,2011-02-25 12:07:16
153,39.974726,116.311519,2011-02-25 12:07:18
153,39.97473,116.311379,2011-02-25 12:07:20
153,39.974727,116.311209,2011-02-25 12:07:23
153,39.974722,116.311056,2011-02-25 12:07:25
153,39.97472,116.310852,2011-02-25 12:07:27
153,39.974716,116.310632,2011-02-25 12:07:29
153,39.974707,116.310413,2011-02-25 12:07:31
153,39.97469,116.310196,2011-02-25 12:07:33
153,39.974669,116.309982,2011-02-25 12:07:35
153,39.974651,116.309762,2011-02-25 12:07:37
153,39.97464,116.309531,2011-02-25 12:07:39
153,39.974635,116.309409,2011-02-25 12:07:40
153,39.974625,116.309279,2011-02-25 12:07:41
153,39.974627,116.309151,2011-02-25 12:07:42
153,39.974635,116.308929,2011-02-25 12:07:44
153,39.97463,116.308738,2011-02-25 12:07:46
153,39.974627,116.308591,2011-02-25 12:07:48
153,39.974632,116.308468,2011-02-25 12:07:52
153,39.974621,116.308345,2011-02-25 12:07:57
153,39.974619,116.30816,2011-02-25 12:08:00
153,39.974616,116.308002,2011-02-25 12:08:02
153,39.974607,116.307831,2011-02-25 12:08:04
153,39.974587,116.307631,2011-02-25 12:08:06
153,39.97458,116.30741,2011-02-25 12:08:08
153,39.974579,116.30729,2011-02-25 12:08:09
153,39.974579,116.307166,2011-02-25 12:08:10
153,39.974576,116.307037,2011-02-25 12:08:11
153,39.974574,116.306906,2011-02-25 12:08:12
153,39.974558,116.30677,2011-02-25 12:08:13
153,39.974542,116.30663,2011-02-25 12:08:14
153,39.97454,116.30648,2011-02-25 12:08:15
153,39.974539,116.30634,2011-02-25 12:08:16
153,39.97454,116.306191,2011-02-25 12:08:17
153,39.974544,116.306046,2011-02-25 12:08:18
153,39.974545,116.305915,2011-02-25 12:08:19
153,39.97455,116.305795,2011-02-25 12:08:20
153,39.974555,116.305591,2011-02-25 12:08:22
153,39.974556,116.305444,2011-02-25 12:08:24
153,39.97458,116.305308,2011-02-25 12:08:27
153,39.974654,116.305276,2011-02-25 12:08:32
153,39.97472,116.305236,2011-02-25 12:08:37
153,39.974849,116.305216,2011-02-25 12:08:40
153,39.974958,116.305215,2011-02-25 12:08:42
153,39.975079,116.305219,2011-02-25 12:08:44
153,39.975229,116.305187,2011-02-25 12:08:46
153,39.975389,116.30519,2011-02-25 12:08:48
153,39.975555,116.305185,2011-02-25 12:08:50
153,39.975714,116.305154,2011-02-25 12:08:52
153,39.975877,116.305152,2011-02-25 12:08:54
153,39.976026,116.305159,2011-02-25 12:08:56
153,39.97617,116.305162,2011-02-25 12:08:58
153,39.97631,116.30515,2011-02-25 12:09:00
153,39.976458,116.305144,2011-02-25 12:09:02
153,39.976602,116.30516,2011-02-25 12:09:04
153,39.976738,116.305176,2011-02-25 12:09:06
153,39.97689,116.305171,2011-02-25 12:09:08
153,39.977036,116.305138,2011-02-25 12:09:10
153,39.977144,116.305123,2011-02-25 12:09:12
153,39.977239,116.305131,2011-02-25 12:09:15
153,39.977238,116.305084,2011-02-25 12:09:20
153,39.977233,116.305085,2011-02-25 12:09:25
153,39.977232,116.305085,2011-02-25 12:09:30
153,39.977234,116.305085,2011-02-25 12:09:35
153,39.977234,116.305085,2011-02-25 12:09:40
153,39.977232,116.305085,2011-02-25 12:09:45
153,39.97723,116.305085,2011-02-25 12:09:50
153,39.97723,116.305085,2011-02-25 12:09:53
153,39.977233,116.305084,2011-02-25 12:09:55
153,39.977251,116.305078,2011-02-25 12:10:00
153,39.977342,116.305047,2011-02-25 12:10:03
153,39.977512,116.305041,2011-02-25 12:10:06
153,39.977646,116.305041,2011-02-25 12:10:08
153,39.977784,116.305057,2011-02-25 12:10:11
153,39.977928,116.305026,2011-02-25 12:10:13
153,39.978071,116.305006,2011-02-25 12:10:15
153,39.978214,116.304947,2011-02-25 12:10:17
153,39.978336,116.30491,2011-02-25 12:10:19
153,39.978426,116.304858,2011-02-25 12:10:21
153,39.978527,116.304819,2011-02-25 12:10:24
153,39.978524,116.304806,2011-02-25 12:10:27
153,39.978566,116.304706,2011-02-25 12:10:32
153,39.978608,116.304595,2011-02-25 12:10:37
153,39.978676,116.30446,2011-02-25 12:10:41
153,39.978705,116.304346,2011-02-25 12:10:44
153,39.978718,116.304209,2011-02-25 12:10:48
153,39.978735,116.304077,2011-02-25 12:10:53
153,39.978718,116.303974,2011-02-25 12:10:58
153,39.978747,116.303883,2011-02-25 12:11:03
153,39.978756,116.303878,2011-02-25 12:11:08
153,39.978756,116.303878,2011-02-25 12:11:11
153,39.978749,116.303879,2011-02-25 12:11:13
153,39.978729,116.303885,2011-02-25 12:11:18
153,39.978716,116.303887,2011-02-25 12:11:23
153,39.978694,116.303855,2011-02-25 12:11:28
153,39.9787,116.303788,2011-02-25 12:11:33
153,39.97876,116.303789,2011-02-25 12:11:38
153,39.978743,116.303851,2011-02-25 12:11:43
153,39.978717,116.303838,2011-02-25 12:11:48
153,39.978629,116.303778,2011-02-25 12:11:53
153,39.978524,116.30375,2011-02-25 12:11:57
153,39.97839,116.303768,2011-02-25 12:12:02
153,39.978294,116.303789,2011-02-25 12:12:05
153,39.978252,116.303829,2011-02-25 12:12:10
153,39.978196,116.303837,2011-02-25 12:12:15
153,39.97819,116.303831,2011-02-25 12:12:20
153,39.97819,116.303831,2011-02-25 12:12:23
153,39.978192,116.303827,2011-02-25 12:12:25
153,39.978211,116.3038,2011-02-25 12:12:30
153,39.978237,116.303771,2011-02-25 12:12:35
153,39.978258,116.303771,2011-02-25 12:12:40
153,39.978269,116.303777,2011-02-25 12:12:45
153,39.978269,116.303777,2011-02-25 12:12:48
153,39.978273,116.303778,2011-02-25 12:12:50
153,39.978323,116.303758,2011-02-25 12:12:55
153,39.978352,116.303728,2011-02-25 12:13:00
153,39.978355,116.303728,2011-02-25 12:13:05
153,39.978354,116.303728,2011-02-25 12:13:10
153,39.978351,116.30373,2011-02-25 12:13:15
153,39.978344,116.303731,2011-02-25 12:13:20
153,39.978344,116.303731,2011-02-25 12:13:23
153,39.978351,116.303734,2011-02-25 12:13:25
153,39.97836,116.303734,2011-02-25 12:13:30
153,39.978367,116.303733,2011-02-25 12:13:35
153,39.978374,116.303733,2011-02-25 12:13:40
153,39.978379,116.303732,2011-02-25 12:13:45
153,39.978378,116.303732,2011-02-25 12:13:50
153,39.978378,116.303732,2011-02-25 12:13:53
153,39.978382,116.30373,2011-02-25 12:13:55
153,39.97847,116.303693,2011-02-25 12:13:59
153,39.978513,116.303683,2011-02-25 12:14:04
153,39.978415,116.303715,2011-02-25 12:14:09
153,39.978318,116.303749,2011-02-25 12:14:13
153,39.978226,116.303759,2011-02-25 12:14:17
153,39.978192,116.303751,2011-02-25 12:14:22
153,39.978191,116.303713,2011-02-25 12:14:27
153,39.97819,116.303714,2011-02-25 12:14:32
153,39.97819,116.303714,2011-02-25 12:14:35
153,39.978184,116.303716,2011-02-25 12:14:37
153,39.978149,116.303733,2011-02-25 12:14:42
153,39.978085,116.30375,2011-02-25 12:14:47
153,39.977965,116.303748,2011-02-25 12:14:52
153,39.97793,116.304243,2011-02-25 12:19:41
153,39.977901,116.304169,2011-02-25 12:19:44
153,39.977923,116.304066,2011-02-25 12:19:46
153,39.977899,116.304132,2011-02-25 12:19:48
153,39.978422,116.303868,2011-02-25 12:19:51
153,39.978429,116.303885,2011-02-25 12:19:57
153,39.97804,116.30387,2011-02-25 12:20:01
153,39.977811,116.303773,2011-02-25 12:20:02
153,39.977744,116.30378,2011-02-25 12:20:03
153,39.977802,116.303749,2011-02-25 12:20:06
153,39.977784,116.303648,2011-02-25 12:20:11
153,39.977773,116.303517,2011-02-25 12:20:15
153,39.977756,116.303475,2011-02-25 12:20:20
153,39.977783,116.303454,2011-02-25 12:20:25
153,39.977921,116.303538,2011-02-25 12:20:27
153,39.977947,116.303651,2011-02-25 12:20:29
153,39.977991,116.303652,2011-02-25 12:20:34
153,39.978001,116.303642,2011-02-25 12:20:39
153,39.978013,116.303646,2011-02-25 12:20:44
153,39.977986,116.303648,2011-02-25 12:20:49
153,39.977984,116.303676,2011-02-25 12:20:54
153,39.977983,116.303693,2011-02-25 12:20:59
153,39.978001,116.303732,2011-02-25 12:21:04
153,39.978042,116.303757,2011-02-25 12:21:09
153,39.978085,116.303767,2011-02-25 12:21:14
153,39.978079,116.303781,2011-02-25 12:21:19
153,39.978106,116.30381,2011-02-25 12:21:24
153,39.978102,116.303843,2011-02-25 12:21:29
153,39.978093,116.30381,2011-02-25 12:21:34
153,39.978097,116.303782,2011-02-25 12:21:39
153,39.97822,116.303705,2011-02-25 12:21:41
153,39.978246,116.303674,2011-02-25 12:21:46
153,39.978165,116.30357,2011-02-25 12:21:50
153,39.978239,116.303444,2011-02-25 12:21:54
153,39.978368,116.303492,2011-02-25 12:21:56
153,39.978416,116.303599,2011-02-25 12:21:59
153,39.978513,116.30372,2011-02-25 12:22:03
153,39.978582,116.303831,2011-02-25 12:22:05
153,39.978641,116.303933,2011-02-25 12:22:09
153,39.978699,116.304033,2011-02-25 12:22:13
153,39.978764,116.304096,2011-02-25 12:22:18
153,39.978801,116.304173,2011-02-25 12:22:23
153,39.978799,116.304252,2011-02-25 12:22:28
153,39.978827,116.304334,2011-02-25 12:22:33
153,39.978833,116.304401,2011-02-25 12:22:38
153,39.97884,116.304465,2011-02-25 12:22:43
153,39.97885,116.304531,2011-02-25 12:22:48
153,39.97885,116.304607,2011-02-25 12:22:53
153,39.978856,116.30471,2011-02-25 12:22:58
153,39.978871,116.304775,2011-02-25 12:23:03
153,39.978901,116.304793,2011-02-25 12:23:08
153,39.978946,116.304771,2011-02-25 12:23:13
153,39.979013,116.304734,2011-02-25 12:23:18
153,39.979047,116.304756,2011-02-25 12:23:23
153,39.979056,116.304714,2011-02-25 12:23:28
153,39.979072,116.304717,2011-02-25 12:23:33
153,39.979042,116.304838,2011-02-25 12:23:38
153,39.979059,116.304875,2011-02-25 12:23:43
153,39.97916,116.304854,2011-02-25 12:23:47
153,39.979255,116.304831,2011-02-25 12:23:50
153,39.979323,116.30488,2011-02-25 12:23:55
153,39.979374,116.305005,2011-02-25 12:24:00
153,39.979459,116.305101,2011-02-25 12:24:05
153,39.979489,116.305176,2011-02-25 12:24:10
153,39.979405,116.305271,2011-02-25 12:24:13
153,39.97932,116.30541,2011-02-25 12:24:15
153,39.97924,116.305538,2011-02-25 12:24:16
153,39.979152,116.305605,2011-02-25 12:24:18
153,39.979124,116.305692,2011-02-25 12:24:23
153,39.979173,116.30574,2011-02-25 12:24:28
153,39.979258,116.305778,2011-02-25 12:24:33
153,39.979291,116.305813,2011-02-25 12:24:38
153,39.979228,116.305913,2011-02-25 12:24:43
153,39.979168,116.30601,2011-02-25 12:24:48
153,39.97917,116.306106,2011-02-25 12:24:53
153,39.97916,116.30619,2011-02-25 12:24:58
153,39.979167,116.306258,2011-02-25 12:25:03
153,39.979205,116.306326,2011-02-25 12:25:08
153,39.97918,116.306376,2011-02-25 12:25:13
153,39.979174,116.306462,2011-02-25 12:25:15
153,39.979156,116.306549,2011-02-25 12:25:19
153,39.979077,116.306591,2011-02-25 12:25:23
153,39.97902,116.306599,2011-02-25 12:25:28
153,39.979,116.306594,2011-02-25 12:25:33
153,39.978998,116.306595,2011-02-25 12:25:38
153,39.978998,116.306595,2011-02-25 12:25:41
153,39.978994,116.306596,2011-02-25 12:25:43
153,39.978944,116.306628,2011-02-25 12:25:48
153,39.978879,116.306636,2011-02-25 12:25:53
153,39.978829,116.306692,2011-02-25 12:25:58
153,39.978781,116.306774,2011-02-25 12:26:03
153,39.978725,116.306877,2011-02-25 12:26:08
153,39.978729,116.306987,2011-02-25 12:26:11
153,39.978719,116.307102,2011-02-25 12:26:16
153,39.978703,116.30719,2011-02-25 12:26:21
153,39.978679,116.30726,2011-02-25 12:26:26
153,39.978626,116.30732,2011-02-25 12:26:31
153,39.978586,116.307352,2011-02-25 12:26:36
153,39.978533,116.307387,2011-02-25 12:26:41
153,39.978512,116.307415,2011-02-25 12:26:46
153,39.9785,116.307453,2011-02-25 12:26:51
153,39.978479,116.307491,2011-02-25 12:26:56
153,39.978463,116.307551,2011-02-25 12:27:01
153,39.978434,116.307651,2011-02-25 12:27:06
153,39.97839,116.307714,2011-02-25 12:27:11
153,39.978359,116.307771,2011-02-25 12:27:16
153,39.978343,116.30785,2011-02-25 12:27:21
153,39.978324,116.307915,2011-02-25 12:27:26
153,39.978304,116.30798,2011-02-25 12:27:31
153,39.978309,116.308064,2011-02-25 12:27:36
153,39.978289,116.308184,2011-02-25 12:27:41
153,39.978336,116.308308,2011-02-25 12:27:46
153,39.978323,116.308298,2011-02-25 12:27:51
153,39.978236,116.308353,2011-02-25 12:27:56
153,39.978194,116.308432,2011-02-25 12:28:01
153,39.978157,116.30852,2011-02-25 12:28:06
153,39.97812,116.308561,2011-02-25 12:28:11
153,39.978087,116.308603,2011-02-25 12:28:16
153,39.978055,116.308624,2011-02-25 12:28:21
153,39.978023,116.308676,2011-02-25 12:28:26
153,39.978008,116.308787,2011-02-25 12:28:31
153,39.97802,116.308877,2011-02-25 12:28:36
153,39.978038,116.308961,2011-02-25 12:28:41
153,39.977987,116.308998,2011-02-25 12:28:46
153,39.978007,116.30905,2011-02-25 12:28:51
153,39.978005,116.309089,2011-02-25 12:28:56
153,39.977985,116.309142,2011-02-25 12:29:01
153,39.977934,116.309166,2011-02-25 12:29:06
153,39.977867,116.309204,2011-02-25 12:29:11
153,39.977842,116.309213,2011-02-25 12:29:16
153,39.977786,116.309219,2011-02-25 12:29:21
153,39.97776,116.309214,2011-02-25 12:29:26
153,39.977741,116.309222,2011-02-25 12:29:31
153,39.977709,116.30924,2011-02-25 12:29:36
153,39.977638,116.309254,2011-02-25 12:29:41
153,39.977618,116.309308,2011-02-25 12:29:46
153,39.977595,116.30937,2011-02-25 12:29:51
153,39.977547,116.309418,2011-02-25 12:29:56
153,39.977492,116.309486,2011-02-25 12:30:01
153,39.977474,116.309563,2011-02-25 12:30:06
153,39.977468,116.309629,2011-02-25 12:30:11
153,39.977462,116.309707,2011-02-25 12:30:16
153,39.97747,116.309777,2011-02-25 12:30:21
153,39.977472,116.309857,2011-02-25 12:30:26
153,39.97748,116.309958,2011-02-25 12:30:31
153,39.977482,116.310044,2011-02-25 12:30:36
153,39.977491,116.310138,2011-02-25 12:30:41
153,39.977484,116.310225,2011-02-25 12:30:46
153,39.977462,116.310245,2011-02-25 12:30:51
153,39.977433,116.310228,2011-02-25 12:30:56
153,39.977394,116.310201,2011-02-25 12:31:01
153,39.977374,116.310188,2011-02-25 12:31:06
153,39.977328,116.310152,2011-02-25 12:31:11
153,39.977305,116.310129,2011-02-25 12:31:16
153,39.977215,116.310062,2011-02-25 12:31:20
153,39.977551,116.309125,2011-02-25 13:46:58
153,39.977575,116.30856,2011-02-25 13:46:59
153,39.97743,116.309129,2011-02-25 13:47:00
153,39.977381,116.309476,2011-02-25 13:47:01
153,39.977306,116.310002,2011-02-25 13:47:02
153,39.977411,116.308156,2011-02-25 13:47:08
153,39.977439,116.308124,2011-02-25 13:47:11
153,39.977448,116.308129,2011-02-25 13:47:16
153,39.977438,116.308123,2011-02-25 13:47:21
153,39.977434,116.308195,2011-02-25 13:47:24
153,39.977429,116.308285,2011-02-25 13:47:27
153,39.977415,116.308362,2011-02-25 13:47:31
153,39.977425,116.308278,2011-02-25 13:47:36
153,39.977423,116.308234,2011-02-25 13:47:41
153,39.97742,116.308194,2011-02-25 13:47:46
153,39.977408,116.308159,2011-02-25 13:47:51
153,39.977399,116.308116,2011-02-25 13:47:56
153,39.977429,116.308063,2011-02-25 13:48:01
153,39.977469,116.308021,2011-02-25 13:48:06
153,39.97747,116.30791,2011-02-25 13:48:09
153,39.977481,116.307837,2011-02-25 13:48:14
153,39.977466,116.307804,2011-02-25 13:48:19
153,39.977461,116.307748,2011-02-25 13:48:24
153,39.977379,116.307761,2011-02-25 13:48:28
153,39.977285,116.307776,2011-02-25 13:48:30
153,39.977299,116.307729,2011-02-25 13:48:35
153,39.977332,116.307676,2011-02-25 13:48:40
153,39.977357,116.307614,2011-02-25 13:48:45
153,39.977364,116.30753,2011-02-25 13:48:50
153,39.977357,116.307493,2011-02-25 13:48:55
153,39.977371,116.307464,2011-02-25 13:49:00
153,39.977385,116.307412,2011-02-25 13:49:05
153,39.977394,116.30736,2011-02-25 13:49:10
153,39.977388,116.307306,2011-02-25 13:49:15
153,39.977391,116.307261,2011-02-25 13:49:20
153,39.977394,116.307195,2011-02-25 13:49:25
153,39.977406,116.307139,2011-02-25 13:49:30
153,39.977424,116.307054,2011-02-25 13:49:35
153,39.977431,116.306981,2011-02-25 13:49:40
153,39.97742,116.306916,2011-02-25 13:49:45
153,39.977415,116.306901,2011-02-25 13:49:50
153,39.977446,116.306886,2011-02-25 13:49:55
153,39.977448,116.306856,2011-02-25 13:50:00
153,39.977349,116.306865,2011-02-25 13:50:04
153,39.977328,116.306828,2011-02-25 13:50:09
153,39.977317,116.306766,2011-02-25 13:50:14
153,39.977346,116.306738,2011-02-25 13:50:19
153,39.977374,116.30669,2011-02-25 13:50:24
153,39.977273,116.30668,2011-02-25 13:50:28
153,39.977189,116.306649,2011-02-25 13:50:33
153,39.977116,116.306619,2011-02-25 13:50:38
153,39.977097,116.306578,2011-02-25 13:50:43
153,39.977096,116.306492,2011-02-25 13:50:48
153,39.977194,116.306402,2011-02-25 13:50:53
153,39.977294,116.306303,2011-02-25 13:50:54
153,39.977399,116.306247,2011-02-25 13:50:56
153,39.977482,116.306224,2011-02-25 13:51:01
153,39.977532,116.30619,2011-02-25 13:51:06
153,39.977571,116.30617,2011-02-25 13:51:11
153,39.977594,116.306124,2011-02-25 13:51:16
153,39.977605,116.30607,2011-02-25 13:51:21
153,39.977625,116.306007,2011-02-25 13:51:26
153,39.977654,116.305951,2011-02-25 13:51:31
153,39.977662,116.305857,2011-02-25 13:51:36
153,39.977676,116.305823,2011-02-25 13:51:41
153,39.977704,116.305729,2011-02-25 13:51:46
153,39.977685,116.305617,2011-02-25 13:51:51
153,39.977737,116.305573,2011-02-25 13:51:56
153,39.977825,116.305553,2011-02-25 13:52:00
153,39.977922,116.305481,2011-02-25 13:52:03
153,39.977962,116.305392,2011-02-25 13:52:08
153,39.977973,116.305359,2011-02-25 13:52:13
153,39.977973,116.305359,2011-02-25 13:52:16
153,39.977976,116.305353,2011-02-25 13:52:18
153,39.977885,116.305342,2011-02-25 13:52:22
153,39.977815,116.305301,2011-02-25 13:52:27
153,39.977881,116.305279,2011-02-25 13:52:32
153,39.977982,116.30525,2011-02-25 13:52:37
153,39.978107,116.305256,2011-02-25 13:52:40
153,39.978195,116.305202,2011-02-25 13:52:43
153,39.978208,116.305178,2011-02-25 13:52:48
153,39.978233,116.305141,2011-02-25 13:52:53
153,39.978226,116.305177,2011-02-25 13:52:58
153,39.978243,116.30516,2011-02-25 13:53:03
153,39.978291,116.305104,2011-02-25 13:53:08
153,39.978328,116.305096,2011-02-25 13:53:13
153,39.978364,116.30507,2011-02-25 13:53:18
153,39.978385,116.305038,2011-02-25 13:53:23
153,39.978443,116.305046,2011-02-25 13:53:28
153,39.978501,116.305067,2011-02-25 13:53:33
153,39.978564,116.305044,2011-02-25 13:53:38
153,39.978606,116.305064,2011-02-25 13:53:43
153,39.978618,116.305073,2011-02-25 13:53:48
153,39.978669,116.305063,2011-02-25 13:53:53
153,39.978679,116.305014,2011-02-25 13:53:58
153,39.978669,116.304965,2011-02-25 13:54:03
153,39.978679,116.304927,2011-02-25 13:54:08
153,39.978715,116.304896,2011-02-25 13:54:13
153,39.978751,116.304881,2011-02-25 13:54:18
153,39.978751,116.304881,2011-02-25 13:54:21
153,39.978755,116.304878,2011-02-25 13:54:23
153,39.978758,116.304828,2011-02-25 13:54:28
153,39.978743,116.30477,2011-02-25 13:54:33
153,39.978759,116.304646,2011-02-25 13:54:38
153,39.978802,116.30451,2011-02-25 13:54:41
153,39.978818,116.30437,2011-02-25 13:54:46
153,39.978842,116.304304,2011-02-25 13:54:51
153,39.978868,116.304285,2011-02-25 13:54:56
153,39.978844,116.304296,2011-02-25 13:55:01
153,39.978818,116.304313,2011-02-25 13:55:06
153,39.978797,116.304328,2011-02-25 13:55:11
153,39.978767,116.304335,2011-02-25 13:55:16
153,39.978767,116.304335,2011-02-25 13:55:19
153,39.978761,116.304342,2011-02-25 13:55:21
153,39.978743,116.304383,2011-02-25 13:55:26
153,39.978744,116.304301,2011-02-25 13:55:31
153,39.978755,116.304271,2011-02-25 13:55:36
153,39.978723,116.304253,2011-02-25 13:55:41
153,39.978726,116.304214,2011-02-25 13:55:46
153,39.978931,116.304185,2011-02-25 13:55:50
153,39.978806,116.304145,2011-02-25 13:55:52
153,39.978836,116.304154,2011-02-25 13:55:57
153,39.978845,116.30414,2011-02-25 13:56:02
153,39.978845,116.30414,2011-02-25 13:56:05
153,39.978844,116.304148,2011-02-25 13:56:07
153,39.978838,116.304138,2011-02-25 13:56:12
153,39.978754,116.30419,2011-02-25 13:56:15
153,39.978767,116.304271,2011-02-25 13:56:20
153,39.978767,116.304271,2011-02-25 13:56:23
153,39.978767,116.304269,2011-02-25 13:56:25
153,39.978758,116.304253,2011-02-25 13:56:30
153,39.978671,116.304299,2011-02-25 13:56:35
153,39.978575,116.304339,2011-02-25 13:56:37
153,39.978552,116.30433,2011-02-25 13:56:42
153,39.978471,116.304267,2011-02-25 13:56:46
153,39.978432,116.304261,2011-02-25 13:56:51
153,39.978435,116.304281,2011-02-25 13:56:56
153,39.978443,116.304296,2011-02-25 13:57:01
153,39.978443,116.304296,2011-02-25 13:57:04
153,39.978441,116.304303,2011-02-25 13:57:06
153,39.978419,116.304296,2011-02-25 13:57:11
153,39.97838,116.304271,2011-02-25 13:57:16
153,39.978366,116.304239,2011-02-25 13:57:21
153,39.978337,116.304171,2011-02-25 13:57:26
153,39.978335,116.304154,2011-02-25 13:57:31
153,39.977914,116.304625,2011-02-25 14:01:08
153,39.977241,116.304712,2011-02-25 14:01:09
153,39.977139,116.304783,2011-02-25 14:01:10
153,39.977241,116.304632,2011-02-25 14:01:15
153,39.977557,116.304311,2011-02-25 14:01:17
153,39.977582,116.304335,2011-02-25 14:01:22
153,39.977581,116.304326,2011-02-25 14:01:27
153,39.977581,116.304326,2011-02-25 14:01:30
153,39.977583,116.304327,2011-02-25 14:01:32
153,39.977482,116.304367,2011-02-25 14:01:34
153,39.977454,116.304384,2011-02-25 14:01:39
153,39.977344,116.304465,2011-02-25 14:01:41
153,39.977286,116.30448,2011-02-25 14:01:46
153,39.977228,116.304402,2011-02-25 14:01:51
153,39.977212,116.30426,2011-02-25 14:01:54
153,39.977225,116.304138,2011-02-25 14:01:56
153,39.97724,116.303996,2011-02-25 14:01:58
153,39.977252,116.303836,2011-02-25 14:02:00
153,39.977267,116.303657,2011-02-25 14:02:02
153,39.977285,116.303466,2011-02-25 14:02:04
153,39.977633,116.30305,2011-02-25 14:02:06
153,39.977674,116.30288,2011-02-25 14:02:07
153,39.97771,116.302711,2011-02-25 14:02:09
153,39.977724,116.302559,2011-02-25 14:02:11
153,39.977739,116.302412,2011-02-25 14:02:13
153,39.977756,116.30224,2011-02-25 14:02:15
153,39.977769,116.302042,2011-02-25 14:02:17
153,39.977773,116.301862,2011-02-25 14:02:19
153,39.977773,116.301689,2011-02-25 14:02:21
153,39.977779,116.301512,2011-02-25 14:02:23
153,39.977771,116.301333,2011-02-25 14:02:25
153,39.977766,116.301157,2011-02-25 14:02:27
153,39.97775,116.301014,2011-02-25 14:02:29
153,39.977786,116.300863,2011-02-25 14:02:31
153,39.977788,116.30072,2011-02-25 14:02:33
153,39.977802,116.300583,2011-02-25 14:02:35
153,39.977809,116.300451,2011-02-25 14:02:37
153,39.977813,116.300322,2011-02-25 14:02:39
153,39.977809,116.300155,2011-02-25 14:02:42
153,39.977806,116.30001,2011-02-25 14:02:45
153,39.977811,116.299953,2011-02-25 14:02:50
153,39.977817,116.299927,2011-02-25 14:02:55
153,39.977876,116.299816,2011-02-25 14:03:00
153,39.977992,116.299693,2011-02-25 14:03:03
153,39.978121,116.299608,2011-02-25 14:03:05
153,39.978224,116.299574,2011-02-25 14:03:07
153,39.978354,116.299556,2011-02-25 14:03:09
153,39.978501,116.299567,2011-02-25 14:03:11
153,39.978642,116.299543,2011-02-25 14:03:13
153,39.978802,116.299545,2011-02-25 14:03:15
153,39.978948,116.29954,2011-02-25 14:03:17
153,39.979089,116.29952,2011-02-25 14:03:19
153,39.979225,116.29951,2011-02-25 14:03:21
153,39.97935,116.299518,2011-02-25 14:03:23
153,39.979456,116.299505,2011-02-25 14:03:25
153,39.979568,116.299499,2011-02-25 14:03:27
153,39.97969,116.299519,2011-02-25 14:03:29
153,39.979848,116.299556,2011-02-25 14:03:31
153,39.980018,116.29955,2011-02-25 14:03:33
153,39.980158,116.299558,2011-02-25 14:03:35
153,39.980313,116.299539,2011-02-25 14:03:37
153,39.98044,116.299495,2011-02-25 14:03:39
153,39.980584,116.299572,2011-02-25 14:03:41
153,39.98067,116.299629,2011-02-25 14:03:43
153,39.980724,116.299641,2011-02-25 14:03:48
153,39.980742,116.299638,2011-02-25 14:03:53
153,39.980742,116.299638,2011-02-25 14:03:56
153,39.980749,116.299637,2011-02-25 14:03:58
153,39.980748,116.299624,2011-02-25 14:04:03
153,39.980752,116.299626,2011-02-25 14:04:08
153,39.980752,116.299628,2011-02-25 14:04:13
153,39.980752,116.299628,2011-02-25 14:04:16
153,39.980748,116.299629,2011-02-25 14:04:18
153,39.980735,116.299632,2011-02-25 14:04:23
153,39.980735,116.29963,2011-02-25 14:04:28
153,39.980739,116.299629,2011-02-25 14:04:33
153,39.980739,116.299629,2011-02-25 14:04:36
153,39.980739,116.29963,2011-02-25 14:04:38
153,39.980757,116.299642,2011-02-25 14:04:43
153,39.980871,116.29965,2011-02-25 14:04:47
153,39.980963,116.29965,2011-02-25 14:04:49
153,39.981095,116.299537,2011-02-25 14:04:51
153,39.981263,116.299487,2011-02-25 14:04:53
153,39.981353,116.299468,2011-02-25 14:04:54
153,39.981445,116.299452,2011-02-25 14:04:55
153,39.981626,116.299431,2011-02-25 14:04:57
153,39.981719,116.299426,2011-02-25 14:04:58
153,39.98181,116.299413,2011-02-25 14:04:59
153,39.981972,116.299386,2011-02-25 14:05:01
153,39.98212,116.299362,2011-02-25 14:05:03
153,39.982266,116.299338,2011-02-25 14:05:05
153,39.982434,116.299312,2011-02-25 14:05:07
153,39.982613,116.299297,2011-02-25 14:05:09
153,39.982789,116.299274,2011-02-25 14:05:11
153,39.982955,116.299263,2011-02-25 14:05:13
153,39.983106,116.299236,2011-02-25 14:05:15
153,39.983246,116.299246,2011-02-25 14:05:17
153,39.983367,116.29927,2011-02-25 14:05:19
153,39.983461,116.299338,2011-02-25 14:05:21
153,39.983511,116.29944,2011-02-25 14:05:22
153,39.983548,116.299548,2011-02-25 14:05:23
153,39.983632,116.299698,2011-02-25 14:05:25
153,39.983667,116.299893,2011-02-25 14:05:27
153,39.983671,116.300113,2011-02-25 14:05:29
153,39.983664,116.300351,2011-02-25 14:05:31
153,39.983661,116.300479,2011-02-25 14:05:32
153,39.983655,116.300608,2011-02-25 14:05:33
153,39.983653,116.300747,2011-02-25 14:05:34
153,39.983655,116.300889,2011-02-25 14:05:35
153,39.983659,116.301038,2011-02-25 14:05:36
153,39.983665,116.301186,2011-02-25 14:05:37
153,39.983686,116.30133,2011-02-25 14:05:38
153,39.983695,116.30145,2011-02-25 14:05:39
153,39.98374,116.301653,2011-02-25 14:05:41
153,39.983752,116.301798,2011-02-25 14:05:43
153,39.983749,116.301924,2011-02-25 14:05:45
153,39.983749,116.302061,2011-02-25 14:05:47
153,39.98372,116.302222,2011-02-25 14:05:49
153,39.983754,116.30243,2011-02-25 14:05:51
153,39.983757,116.302651,2011-02-25 14:05:53
153,39.983767,116.302775,2011-02-25 14:05:54
153,39.983774,116.302897,2011-02-25 14:05:55
153,39.983776,116.303139,2011-02-25 14:05:57
153,39.983779,116.303258,2011-02-25 14:05:58
153,39.983783,116.303481,2011-02-25 14:06:00
153,39.983801,116.303667,2011-02-25 14:06:02
153,39.98383,116.303823,2011-02-25 14:06:04
153,39.983835,116.303995,2011-02-25 14:06:06
153,39.983856,116.304214,2011-02-25 14:06:08
153,39.983842,116.304332,2011-02-25 14:06:09
153,39.983845,116.304465,2011-02-25 14:06:10
153,39.983859,116.30461,2011-02-25 14:06:11
153,39.983848,116.304759,2011-02-25 14:06:12
153,39.983855,116.304919,2011-02-25 14:06:13
153,39.983869,116.305092,2011-02-25 14:06:14
153,39.983874,116.305271,2011-02-25 14:06:15
153,39.983884,116.305464,2011-02-25 14:06:16
153,39.983895,116.305667,2011-02-25 14:06:17
153,39.98391,116.305875,2011-02-25 14:06:18
153,39.983916,116.306091,2011-02-25 14:06:19
153,39.98393,116.306316,2011-02-25 14:06:20
153,39.98394,116.306545,2011-02-25 14:06:21
153,39.983951,116.306783,2011-02-25 14:06:22
153,39.983947,116.307011,2011-02-25 14:06:23
153,39.983955,116.307241,2011-02-25 14:06:24
153,39.983959,116.30747,2011-02-25 14:06:25
153,39.983969,116.307699,2011-02-25 14:06:26
153,39.983989,116.307934,2011-02-25 14:06:27
153,39.984009,116.308166,2011-02-25 14:06:28
153,39.984018,116.308401,2011-02-25 14:06:29
153,39.98403,116.308641,2011-02-25 14:06:30
153,39.98405,116.308885,2011-02-25 14:06:31
153,39.984061,116.309134,2011-02-25 14:06:32
153,39.984069,116.309377,2011-02-25 14:06:33
153,39.984087,116.309625,2011-02-25 14:06:34
153,39.984099,116.309873,2011-02-25 14:06:35
153,39.984113,116.310117,2011-02-25 14:06:36
153,39.984127,116.310353,2011-02-25 14:06:37
153,39.984148,116.310588,2011-02-25 14:06:38
153,39.984178,116.310851,2011-02-25 14:06:39
153,39.984188,116.311101,2011-02-25 14:06:40
153,39.984204,116.311352,2011-02-25 14:06:41
153,39.984212,116.311613,2011-02-25 14:06:42
153,39.984223,116.311873,2011-02-25 14:06:43
153,39.984236,116.312125,2011-02-25 14:06:44
153,39.984244,116.312372,2011-02-25 14:06:45
153,39.984253,116.312612,2011-02-25 14:06:46
153,39.984271,116.312838,2011-02-25 14:06:47
153,39.984285,116.31308,2011-02-25 14:06:48
153,39.984275,116.313322,2011-02-25 14:06:49
153,39.984245,116.313566,2011-02-25 14:06:50
153,39.984251,116.313811,2011-02-25 14:06:51
153,39.984258,116.314051,2011-02-25 14:06:52
153,39.984255,116.314291,2011-02-25 14:06:53
153,39.984275,116.314541,2011-02-25 14:06:54
153,39.984289,116.314796,2011-02-25 14:06:55
153,39.98429,116.31505,2011-02-25 14:06:56
153,39.984294,116.315305,2011-02-25 14:06:57
153,39.984316,116.315566,2011-02-25 14:06:58
153,39.984327,116.315823,2011-02-25 14:06:59
153,39.984338,116.316084,2011-02-25 14:07:00
153,39.984356,116.316346,2011-02-25 14:07:01
153,39.984369,116.316605,2011-02-25 14:07:02
153,39.984373,116.316867,2011-02-25 14:07:03
153,39.984382,116.317128,2011-02-25 14:07:04
153,39.984394,116.317393,2011-02-25 14:07:05
153,39.984401,116.317654,2011-02-25 14:07:06
153,39.984407,116.317908,2011-02-25 14:07:07
153,39.984418,116.318169,2011-02-25 14:07:08
153,39.984428,116.318426,2011-02-25 14:07:09
153,39.98443,116.318679,2011-02-25 14:07:10
153,39.984435,116.318937,2011-02-25 14:07:11
153,39.984445,116.319191,2011-02-25 14:07:12
153,39.984449,116.319446,2011-02-25 14:07:13
153,39.984453,116.319701,2011-02-25 14:07:14
153,39.984463,116.319953,2011-02-25 14:07:15
153,39.98447,116.32021,2011-02-25 14:07:16
153,39.984477,116.320464,2011-02-25 14:07:17
153,39.984489,116.320721,2011-02-25 14:07:18
153,39.984494,116.320978,2011-02-25 14:07:19
153,39.984501,116.32123,2011-02-25 14:07:20
153,39.984516,116.321481,2011-02-25 14:07:21
153,39.98453,116.321737,2011-02-25 14:07:22
153,39.984537,116.321991,2011-02-25 14:07:23
153,39.984534,116.322241,2011-02-25 14:07:24
153,39.984543,116.32249,2011-02-25 14:07:25
153,39.984552,116.322736,2011-02-25 14:07:26
153,39.984555,116.322978,2011-02-25 14:07:27
153,39.984559,116.323216,2011-02-25 14:07:28
153,39.984564,116.323448,2011-02-25 14:07:29
153,39.984568,116.323671,2011-02-25 14:07:30
153,39.984577,116.323912,2011-02-25 14:07:31
153,39.984592,116.324143,2011-02-25 14:07:32
153,39.984595,116.324377,2011-02-25 14:07:33
153,39.984596,116.324618,2011-02-25 14:07:34
153,39.984599,116.324863,2011-02-25 14:07:35
153,39.984622,116.325113,2011-02-25 14:07:36
153,39.984624,116.325366,2011-02-25 14:07:37
153,39.98463,116.325614,2011-02-25 14:07:38
153,39.98464,116.325856,2011-02-25 14:07:39
153,39.984649,116.326096,2011-02-25 14:07:40
153,39.984657,116.326329,2011-02-25 14:07:41
153,39.984666,116.326567,2011-02-25 14:07:42
153,39.984674,116.326799,2011-02-25 14:07:43
153,39.984682,116.327033,2011-02-25 14:07:44
153,39.984692,116.327265,2011-02-25 14:07:45
153,39.984704,116.327485,2011-02-25 14:07:46
153,39.984711,116.327708,2011-02-25 14:07:47
153,39.984719,116.327953,2011-02-25 14:07:48
153,39.984735,116.328198,2011-02-25 14:07:49
153,39.984755,116.328452,2011-02-25 14:07:50
153,39.984769,116.328703,2011-02-25 14:07:51
153,39.984785,116.328953,2011-02-25 14:07:52
153,39.984818,116.329207,2011-02-25 14:07:53
153,39.984846,116.32946,2011-02-25 14:07:54
153,39.984845,116.329706,2011-02-25 14:07:55
153,39.984851,116.329959,2011-02-25 14:07:56
153,39.984875,116.330216,2011-02-25 14:07:57
153,39.984883,116.330471,2011-02-25 14:07:58
153,39.984889,116.330722,2011-02-25 14:07:59
153,39.984907,116.330976,2011-02-25 14:08:00
153,39.984924,116.331228,2011-02-25 14:08:01
153,39.984932,116.331475,2011-02-25 14:08:02
153,39.984946,116.331722,2011-02-25 14:08:03
153,39.984962,116.331969,2011-02-25 14:08:04
153,39.984969,116.332216,2011-02-25 14:08:05
153,39.984979,116.332461,2011-02-25 14:08:06
153,39.984997,116.332706,2011-02-25 14:08:07
153,39.985008,116.332953,2011-02-25 14:08:08
153,39.985008,116.333207,2011-02-25 14:08:09
153,39.985017,116.333463,2011-02-25 14:08:10
153,39.985036,116.333727,2011-02-25 14:08:11
153,39.985045,116.33399,2011-02-25 14:08:12
153,39.985055,116.334253,2011-02-25 14:08:13
153,39.985066,116.334513,2011-02-25 14:08:14
153,39.985088,116.33475,2011-02-25 14:08:15
153,39.985097,116.334998,2011-02-25 14:08:16
153,39.985099,116.335252,2011-02-25 14:08:17
153,39.985104,116.335501,2011-02-25 14:08:18
153,39.985112,116.335749,2011-02-25 14:08:19
153,39.985111,116.335996,2011-02-25 14:08:20
153,39.985126,116.336237,2011-02-25 14:08:21
153,39.985138,116.33648,2011-02-25 14:08:22
153,39.985142,116.336715,2011-02-25 14:08:23
153,39.985142,116.336942,2011-02-25 14:08:24
153,39.985156,116.337171,2011-02-25 14:08:25
153,39.985166,116.337386,2011-02-25 14:08:26
153,39.985169,116.337596,2011-02-25 14:08:27
153,39.985181,116.337803,2011-02-25 14:08:28
153,39.985194,116.338005,2011-02-25 14:08:29
153,39.985204,116.338206,2011-02-25 14:08:30
153,39.985215,116.338402,2011-02-25 14:08:31
153,39.985228,116.338596,2011-02-25 14:08:32
153,39.985236,116.338796,2011-02-25 14:08:33
153,39.985238,116.338988,2011-02-25 14:08:34
153,39.985244,116.339186,2011-02-25 14:08:35
153,39.985249,116.339388,2011-02-25 14:08:36
153,39.985251,116.339591,2011-02-25 14:08:37
153,39.98523,116.339795,2011-02-25 14:08:38
153,39.985248,116.340012,2011-02-25 14:08:39
153,39.985263,116.340229,2011-02-25 14:08:40
153,39.98527,116.340448,2011-02-25 14:08:41
153,39.985282,116.34067,2011-02-25 14:08:42
153,39.9853,116.340894,2011-02-25 14:08:43
153,39.985312,116.341117,2011-02-25 14:08:44
153,39.985318,116.341334,2011-02-25 14:08:45
153,39.985324,116.341551,2011-02-25 14:08:46
153,39.98533,116.34177,2011-02-25 14:08:47
153,39.985335,116.341993,2011-02-25 14:08:48
153,39.985339,116.342217,2011-02-25 14:08:49
153,39.985343,116.342442,2011-02-25 14:08:50
153,39.985346,116.34267,2011-02-25 14:08:51
153,39.985353,116.342892,2011-02-25 14:08:52
153,39.98536,116.343109,2011-02-25 14:08:53
153,39.985369,116.343321,2011-02-25 14:08:54
153,39.98538,116.34353,2011-02-25 14:08:55
153,39.985391,116.343742,2011-02-25 14:08:56
153,39.985401,116.343953,2011-02-25 14:08:57
153,39.985411,116.344161,2011-02-25 14:08:58
153,39.985417,116.344375,2011-02-25 14:08:59
153,39.985426,116.344588,2011-02-25 14:09:00
153,39.985434,116.344799,2011-02-25 14:09:01
153,39.985437,116.345011,2011-02-25 14:09:02
153,39.985444,116.345217,2011-02-25 14:09:03
153,39.98545,116.345418,2011-02-25 14:09:04
153,39.985454,116.345618,2011-02-25 14:09:05
153,39.985459,116.34582,2011-02-25 14:09:06
153,39.985465,116.346027,2011-02-25 14:09:07
153,39.985468,116.346235,2011-02-25 14:09:08
153,39.98547,116.346449,2011-02-25 14:09:09
153,39.985469,116.346666,2011-02-25 14:09:10
153,39.985472,116.346884,2011-02-25 14:09:11
153,39.985473,116.3471,2011-02-25 14:09:12
153,39.985476,116.347315,2011-02-25 14:09:13
153,39.985481,116.347529,2011-02-25 14:09:14
153,39.98549,116.347747,2011-02-25 14:09:15
153,39.9855,116.347966,2011-02-25 14:09:16
153,39.985507,116.348185,2011-02-25 14:09:17
153,39.98551,116.34841,2011-02-25 14:09:18
153,39.985511,116.348631,2011-02-25 14:09:19
153,39.98551,116.348858,2011-02-25 14:09:20
153,39.985506,116.349088,2011-02-25 14:09:21
153,39.985503,116.349319,2011-02-25 14:09:22
153,39.985504,116.349554,2011-02-25 14:09:23
153,39.985506,116.349794,2011-02-25 14:09:24
153,39.985511,116.350035,2011-02-25 14:09:25
153,39.985514,116.350281,2011-02-25 14:09:26
153,39.985516,116.350531,2011-02-25 14:09:27
153,39.985522,116.350789,2011-02-25 14:09:28
153,39.985526,116.351048,2011-02-25 14:09:29
153,39.985531,116.351304,2011-02-25 14:09:30
153,39.985536,116.351561,2011-02-25 14:09:31
153,39.985539,116.351818,2011-02-25 14:09:32
153,39.985547,116.35207,2011-02-25 14:09:33
153,39.985555,116.352322,2011-02-25 14:09:34
153,39.985563,116.352573,2011-02-25 14:09:35
153,39.985573,116.352822,2011-02-25 14:09:36
153,39.985581,116.353072,2011-02-25 14:09:37
153,39.98559,116.353319,2011-02-25 14:09:38
153,39.985603,116.353563,2011-02-25 14:09:39
153,39.985617,116.353807,2011-02-25 14:09:40
153,39.985638,116.354049,2011-02-25 14:09:41
153,39.985659,116.354293,2011-02-25 14:09:42
153,39.985678,116.354537,2011-02-25 14:09:43
153,39.985705,116.354783,2011-02-25 14:09:44
153,39.985722,116.35503,2011-02-25 14:09:45
153,39.985735,116.35528,2011-02-25 14:09:46
153,39.985742,116.355529,2011-02-25 14:09:47
153,39.985754,116.355783,2011-02-25 14:09:48
153,39.985756,116.356036,2011-02-25 14:09:49
153,39.985749,116.35629,2011-02-25 14:09:50
153,39.985767,116.356555,2011-02-25 14:09:51
153,39.985797,116.356829,2011-02-25 14:09:52
153,39.985804,116.3571,2011-02-25 14:09:53
153,39.985804,116.357376,2011-02-25 14:09:54
153,39.98583,116.357662,2011-02-25 14:09:55
153,39.985847,116.35795,2011-02-25 14:09:56
153,39.985852,116.358241,2011-02-25 14:09:57
153,39.985859,116.35853,2011-02-25 14:09:58
153,39.985866,116.358819,2011-02-25 14:09:59
153,39.985859,116.359099,2011-02-25 14:10:00
153,39.985859,116.359376,2011-02-25 14:10:01
153,39.985864,116.359649,2011-02-25 14:10:02
153,39.985877,116.359922,2011-02-25 14:10:03
153,39.985876,116.360188,2011-02-25 14:10:04
153,39.985869,116.360451,2011-02-25 14:10:05
153,39.985875,116.360718,2011-02-25 14:10:06
153,39.985884,116.360981,2011-02-25 14:10:07
153,39.985893,116.361236,2011-02-25 14:10:08
153,39.985896,116.361487,2011-02-25 14:10:09
153,39.985902,116.361726,2011-02-25 14:10:10
153,39.98591,116.361948,2011-02-25 14:10:11
153,39.985921,116.362165,2011-02-25 14:10:12
153,39.985921,116.362368,2011-02-25 14:10:13
153,39.985929,116.362567,2011-02-25 14:10:14
153,39.985935,116.36276,2011-02-25 14:10:15
153,39.985935,116.362952,2011-02-25 14:10:16
153,39.985936,116.363148,2011-02-25 14:10:17
153,39.985949,116.363355,2011-02-25 14:10:18
153,39.985946,116.363564,2011-02-25 14:10:19
153,39.985947,116.363779,2011-02-25 14:10:20
153,39.985959,116.363994,2011-02-25 14:10:21
153,39.985971,116.364209,2011-02-25 14:10:22
153,39.985977,116.364427,2011-02-25 14:10:23
153,39.985976,116.364643,2011-02-25 14:10:24
153,39.985993,116.364869,2011-02-25 14:10:25
153,39.986005,116.365094,2011-02-25 14:10:26
153,39.986007,116.365317,2011-02-25 14:10:27
153,39.986015,116.365538,2011-02-25 14:10:28
153,39.986028,116.365759,2011-02-25 14:10:29
153,39.986041,116.365979,2011-02-25 14:10:30
153,39.986045,116.366199,2011-02-25 14:10:31
153,39.986053,116.366419,2011-02-25 14:10:32
153,39.986056,116.366639,2011-02-25 14:10:33
153,39.986052,116.366863,2011-02-25 14:10:34
153,39.986031,116.367075,2011-02-25 14:10:35
153,39.986034,116.367297,2011-02-25 14:10:36
153,39.986037,116.367521,2011-02-25 14:10:37
153,39.986036,116.367741,2011-02-25 14:10:38
153,39.98604,116.36797,2011-02-25 14:10:39
153,39.986054,116.368203,2011-02-25 14:10:40
153,39.986065,116.36844,2011-02-25 14:10:41
153,39.986068,116.368682,2011-02-25 14:10:42
153,39.986074,116.368924,2011-02-25 14:10:43
153,39.986088,116.369173,2011-02-25 14:10:44
153,39.986096,116.369423,2011-02-25 14:10:45
153,39.986104,116.369677,2011-02-25 14:10:46
153,39.98611,116.369933,2011-02-25 14:10:47
153,39.986123,116.370195,2011-02-25 14:10:48
153,39.986129,116.370458,2011-02-25 14:10:49
153,39.98613,116.37072,2011-02-25 14:10:50
153,39.986136,116.370986,2011-02-25 14:10:51
153,39.986149,116.371253,2011-02-25 14:10:52
153,39.986153,116.371511,2011-02-25 14:10:53
153,39.986158,116.371765,2011-02-25 14:10:54
153,39.986166,116.372003,2011-02-25 14:10:55
153,39.986176,116.372234,2011-02-25 14:10:56
153,39.986169,116.372454,2011-02-25 14:10:57
153,39.986166,116.372673,2011-02-25 14:10:58
153,39.986177,116.3729,2011-02-25 14:10:59
153,39.986178,116.373124,2011-02-25 14:11:00
153,39.986175,116.373354,2011-02-25 14:11:01
153,39.986176,116.373587,2011-02-25 14:11:02
153,39.986184,116.37383,2011-02-25 14:11:03
153,39.98619,116.374075,2011-02-25 14:11:04
153,39.986194,116.374327,2011-02-25 14:11:05
153,39.986199,116.374585,2011-02-25 14:11:06
153,39.986213,116.374844,2011-02-25 14:11:07
153,39.986226,116.375107,2011-02-25 14:11:08
153,39.986237,116.375367,2011-02-25 14:11:09
153,39.98625,116.375627,2011-02-25 14:11:10
153,39.986262,116.37589,2011-02-25 14:11:11
153,39.98627,116.376151,2011-02-25 14:11:12
153,39.986277,116.376409,2011-02-25 14:11:13
153,39.986289,116.376674,2011-02-25 14:11:14
153,39.9863,116.376936,2011-02-25 14:11:15
153,39.986307,116.377196,2011-02-25 14:11:16
153,39.986303,116.37745,2011-02-25 14:11:17
153,39.986312,116.377704,2011-02-25 14:11:18
153,39.98632,116.377953,2011-02-25 14:11:19
153,39.986327,116.378196,2011-02-25 14:11:20
153,39.986334,116.378435,2011-02-25 14:11:21
153,39.986341,116.378668,2011-02-25 14:11:22
153,39.986347,116.378895,2011-02-25 14:11:23
153,39.986353,116.379119,2011-02-25 14:11:24
153,39.986356,116.379333,2011-02-25 14:11:25
153,39.986371,116.379551,2011-02-25 14:11:26
153,39.986377,116.379763,2011-02-25 14:11:27
153,39.986376,116.379973,2011-02-25 14:11:28
153,39.986381,116.380191,2011-02-25 14:11:29
153,39.986402,116.380411,2011-02-25 14:11:30
153,39.986408,116.380624,2011-02-25 14:11:31
153,39.986399,116.380826,2011-02-25 14:11:32
153,39.986407,116.381024,2011-02-25 14:11:33
153,39.986414,116.381223,2011-02-25 14:11:34
153,39.986419,116.381411,2011-02-25 14:11:35
153,39.986423,116.381595,2011-02-25 14:11:36
153,39.986436,116.381781,2011-02-25 14:11:37
153,39.986447,116.381955,2011-02-25 14:11:38
153,39.986458,116.382116,2011-02-25 14:11:39
153,39.986466,116.382269,2011-02-25 14:11:40
153,39.986475,116.38242,2011-02-25 14:11:41
153,39.986485,116.382569,2011-02-25 14:11:42
153,39.986486,116.382718,2011-02-25 14:11:43
153,39.986486,116.382857,2011-02-25 14:11:44
153,39.986493,116.382997,2011-02-25 14:11:45
153,39.986495,116.383132,2011-02-25 14:11:46
153,39.986505,116.383265,2011-02-25 14:11:47
153,39.986514,116.383407,2011-02-25 14:11:48
153,39.986528,116.383559,2011-02-25 14:11:49
153,39.986536,116.383721,2011-02-25 14:11:50
153,39.986539,116.383895,2011-02-25 14:11:51
153,39.986548,116.384074,2011-02-25 14:11:52
153,39.986561,116.384263,2011-02-25 14:11:53
153,39.986568,116.38446,2011-02-25 14:11:54
153,39.986571,116.384658,2011-02-25 14:11:55
153,39.98658,116.384866,2011-02-25 14:11:56
153,39.98659,116.385076,2011-02-25 14:11:57
153,39.986597,116.385289,2011-02-25 14:11:58
153,39.986601,116.385508,2011-02-25 14:11:59
153,39.98661,116.385727,2011-02-25 14:12:00
153,39.986618,116.385945,2011-02-25 14:12:01
153,39.986622,116.386162,2011-02-25 14:12:02
153,39.986624,116.386375,2011-02-25 14:12:03
153,39.98663,116.386585,2011-02-25 14:12:04
153,39.986635,116.386788,2011-02-25 14:12:05
153,39.986639,116.386983,2011-02-25 14:12:06
153,39.986651,116.387167,2011-02-25 14:12:07
153,39.986659,116.387351,2011-02-25 14:12:08
153,39.98666,116.387545,2011-02-25 14:12:09
153,39.986658,116.387744,2011-02-25 14:12:10
153,39.986654,116.387943,2011-02-25 14:12:11
153,39.986682,116.38815,2011-02-25 14:12:12
153,39.986683,116.388322,2011-02-25 14:12:13
153,39.986684,116.388486,2011-02-25 14:12:14
153,39.986676,116.388645,2011-02-25 14:12:15
153,39.986687,116.388807,2011-02-25 14:12:16
153,39.986689,116.388971,2011-02-25 14:12:17
153,39.986684,116.389135,2011-02-25 14:12:18
153,39.986682,116.389306,2011-02-25 14:12:19
153,39.986682,116.389488,2011-02-25 14:12:20
153,39.986681,116.389674,2011-02-25 14:12:21
153,39.986673,116.389869,2011-02-25 14:12:22
153,39.986676,116.390065,2011-02-25 14:12:23
153,39.986683,116.390254,2011-02-25 14:12:24
153,39.986685,116.390447,2011-02-25 14:12:25
153,39.986687,116.390633,2011-02-25 14:12:26
153,39.986691,116.390816,2011-02-25 14:12:27
153,39.986697,116.391006,2011-02-25 14:12:28
153,39.986698,116.391196,2011-02-25 14:12:29
153,39.986693,116.391393,2011-02-25 14:12:30
153,39.986696,116.3916,2011-02-25 14:12:31
153,39.986704,116.391809,2011-02-25 14:12:32
153,39.986709,116.392025,2011-02-25 14:12:33
153,39.986713,116.392246,2011-02-25 14:12:34
153,39.986718,116.392472,2011-02-25 14:12:35
153,39.986729,116.392704,2011-02-25 14:12:36
153,39.986737,116.392938,2011-02-25 14:12:37
153,39.986743,116.393174,2011-02-25 14:12:38
153,39.986751,116.393414,2011-02-25 14:12:39
153,39.986756,116.393661,2011-02-25 14:12:40
153,39.986765,116.393908,2011-02-25 14:12:41
153,39.986778,116.394152,2011-02-25 14:12:42
153,39.98679,116.394397,2011-02-25 14:12:43
153,39.986803,116.394641,2011-02-25 14:12:44
153,39.986815,116.394883,2011-02-25 14:12:45
153,39.986824,116.395129,2011-02-25 14:12:46
153,39.986833,116.395373,2011-02-25 14:12:47
153,39.986843,116.395614,2011-02-25 14:12:48
153,39.986854,116.395857,2011-02-25 14:12:49
153,39.986863,116.396095,2011-02-25 14:12:50
153,39.986873,116.396333,2011-02-25 14:12:51
153,39.986882,116.396573,2011-02-25 14:12:52
153,39.986891,116.396817,2011-02-25 14:12:53
153,39.986897,116.39706,2011-02-25 14:12:54
153,39.986903,116.397305,2011-02-25 14:12:55
153,39.986909,116.397555,2011-02-25 14:12:56
153,39.986915,116.397804,2011-02-25 14:12:57
153,39.986901,116.398052,2011-02-25 14:12:58
153,39.986916,116.398306,2011-02-25 14:12:59
153,39.98693,116.398557,2011-02-25 14:13:00
153,39.986938,116.398808,2011-02-25 14:13:01
153,39.986943,116.399054,2011-02-25 14:13:02
153,39.986963,116.3993,2011-02-25 14:13:03
153,39.986978,116.399546,2011-02-25 14:13:04
153,39.986989,116.399793,2011-02-25 14:13:05
153,39.986995,116.400042,2011-02-25 14:13:06
153,39.987008,116.400293,2011-02-25 14:13:07
153,39.987022,116.400553,2011-02-25 14:13:08
153,39.98703,116.400816,2011-02-25 14:13:09
153,39.987037,116.401082,2011-02-25 14:13:10
153,39.987046,116.401351,2011-02-25 14:13:11
153,39.987054,116.401628,2011-02-25 14:13:12
153,39.987055,116.401906,2011-02-25 14:13:13
153,39.987053,116.402172,2011-02-25 14:13:14
153,39.987063,116.402425,2011-02-25 14:13:15
153,39.987075,116.402674,2011-02-25 14:13:16
153,39.987082,116.402919,2011-02-25 14:13:17
153,39.987087,116.403162,2011-02-25 14:13:18
153,39.987095,116.4034,2011-02-25 14:13:19
153,39.987108,116.403639,2011-02-25 14:13:20
153,39.987113,116.403878,2011-02-25 14:13:21
153,39.987122,116.404114,2011-02-25 14:13:22
153,39.987129,116.404344,2011-02-25 14:13:23
153,39.987134,116.404571,2011-02-25 14:13:24
153,39.987137,116.404786,2011-02-25 14:13:25
153,39.987144,116.404997,2011-02-25 14:13:26
153,39.987153,116.405201,2011-02-25 14:13:27
153,39.987157,116.4054,2011-02-25 14:13:28
153,39.987162,116.405593,2011-02-25 14:13:29
153,39.987172,116.405776,2011-02-25 14:13:30
153,39.987177,116.405949,2011-02-25 14:13:31
153,39.987179,116.406117,2011-02-25 14:13:32
153,39.987186,116.406281,2011-02-25 14:13:33
153,39.987182,116.406443,2011-02-25 14:13:34
153,39.987205,116.406608,2011-02-25 14:13:35
153,39.98722,116.406773,2011-02-25 14:13:36
153,39.987222,116.406938,2011-02-25 14:13:37
153,39.987215,116.407105,2011-02-25 14:13:38
153,39.987215,116.407278,2011-02-25 14:13:39
153,39.987219,116.407454,2011-02-25 14:13:40
153,39.987223,116.407636,2011-02-25 14:13:41
153,39.987226,116.407823,2011-02-25 14:13:42
153,39.987231,116.408008,2011-02-25 14:13:43
153,39.987235,116.408193,2011-02-25 14:13:44
153,39.987241,116.408373,2011-02-25 14:13:45
153,39.987241,116.408549,2011-02-25 14:13:46
153,39.98725,116.408729,2011-02-25 14:13:47
153,39.987271,116.408911,2011-02-25 14:13:48
153,39.987281,116.409091,2011-02-25 14:13:49
153,39.987284,116.409269,2011-02-25 14:13:50
153,39.987285,116.409447,2011-02-25 14:13:51
153,39.98729,116.409627,2011-02-25 14:13:52
153,39.987299,116.409809,2011-02-25 14:13:53
153,39.987296,116.409993,2011-02-25 14:13:54
153,39.987306,116.410172,2011-02-25 14:13:55
153,39.987316,116.410365,2011-02-25 14:13:56
153,39.987317,116.410556,2011-02-25 14:13:57
153,39.98732,116.410754,2011-02-25 14:13:58
153,39.987326,116.410947,2011-02-25 14:13:59
153,39.987343,116.411164,2011-02-25 14:14:00
153,39.987349,116.411369,2011-02-25 14:14:01
153,39.987345,116.411571,2011-02-25 14:14:02
153,39.987352,116.411774,2011-02-25 14:14:03
153,39.987355,116.411973,2011-02-25 14:14:04
153,39.987358,116.412166,2011-02-25 14:14:05
153,39.987362,116.412356,2011-02-25 14:14:06
153,39.98736,116.41254,2011-02-25 14:14:07
153,39.987366,116.412725,2011-02-25 14:14:08
153,39.987371,116.412914,2011-02-25 14:14:09
153,39.987373,116.413104,2011-02-25 14:14:10
153,39.987378,116.413298,2011-02-25 14:14:11
153,39.987374,116.413496,2011-02-25 14:14:12
153,39.98737,116.413696,2011-02-25 14:14:13
153,39.987367,116.4139,2011-02-25 14:14:14
153,39.987377,116.414114,2011-02-25 14:14:15
153,39.98737,116.414324,2011-02-25 14:14:16
153,39.987385,116.414548,2011-02-25 14:14:17
153,39.987389,116.414767,2011-02-25 14:14:18
153,39.987389,116.414983,2011-02-25 14:14:19
153,39.987392,116.415199,2011-02-25 14:14:20
153,39.987399,116.415415,2011-02-25 14:14:21
153,39.987413,116.415635,2011-02-25 14:14:22
153,39.987426,116.415855,2011-02-25 14:14:23
153,39.987439,116.416079,2011-02-25 14:14:24
153,39.987449,116.416307,2011-02-25 14:14:25
153,39.987459,116.416535,2011-02-25 14:14:26
153,39.987462,116.416766,2011-02-25 14:14:27
153,39.987467,116.416992,2011-02-25 14:14:28
153,39.987483,116.417224,2011-02-25 14:14:29
153,39.987493,116.417457,2011-02-25 14:14:30
153,39.987496,116.417689,2011-02-25 14:14:31
153,39.987504,116.417923,2011-02-25 14:14:32
153,39.987513,116.41815,2011-02-25 14:14:33
153,39.987522,116.418378,2011-02-25 14:14:34
153,39.987528,116.418604,2011-02-25 14:14:35
153,39.987535,116.418834,2011-02-25 14:14:36
153,39.987545,116.419068,2011-02-25 14:14:37
153,39.987554,116.419302,2011-02-25 14:14:38
153,39.987559,116.419536,2011-02-25 14:14:39
153,39.987565,116.419774,2011-02-25 14:14:40
153,39.987573,116.420014,2011-02-25 14:14:41
153,39.987578,116.420256,2011-02-25 14:14:42
153,39.987581,116.420495,2011-02-25 14:14:43
153,39.987584,116.420739,2011-02-25 14:14:44
153,39.987585,116.420981,2011-02-25 14:14:45
153,39.987588,116.421227,2011-02-25 14:14:46
153,39.987585,116.421475,2011-02-25 14:14:47
153,39.987589,116.421721,2011-02-25 14:14:48
153,39.987597,116.421966,2011-02-25 14:14:49
153,39.987603,116.422211,2011-02-25 14:14:50
153,39.987608,116.422459,2011-02-25 14:14:51
153,39.987617,116.422706,2011-02-25 14:14:52
153,39.987626,116.422947,2011-02-25 14:14:53
153,39.987632,116.423192,2011-02-25 14:14:54
153,39.987641,116.423434,2011-02-25 14:14:55
153,39.987652,116.423675,2011-02-25 14:14:56
153,39.987653,116.423916,2011-02-25 14:14:57
153,39.98766,116.424156,2011-02-25 14:14:58
153,39.987664,116.4244,2011-02-25 14:14:59
153,39.987667,116.424642,2011-02-25 14:15:00
153,39.987673,116.424888,2011-02-25 14:15:01
153,39.987683,116.425133,2011-02-25 14:15:02
153,39.987691,116.425377,2011-02-25 14:15:03
153,39.987696,116.425626,2011-02-25 14:15:04
153,39.987698,116.425871,2011-02-25 14:15:05
153,39.987708,116.426123,2011-02-25 14:15:06
153,39.987715,116.426375,2011-02-25 14:15:07
153,39.98772,116.426625,2011-02-25 14:15:08
153,39.987726,116.426879,2011-02-25 14:15:09
153,39.987734,116.427133,2011-02-25 14:15:10
153,39.987741,116.427391,2011-02-25 14:15:11
153,39.987749,116.427644,2011-02-25 14:15:12
153,39.987748,116.427901,2011-02-25 14:15:13
153,39.987757,116.428163,2011-02-25 14:15:14
153,39.98777,116.428422,2011-02-25 14:15:15
153,39.987771,116.42868,2011-02-25 14:15:16
153,39.987772,116.428935,2011-02-25 14:15:17
153,39.987778,116.429195,2011-02-25 14:15:18
153,39.987785,116.429454,2011-02-25 14:15:19
153,39.987786,116.429714,2011-02-25 14:15:20
153,39.987779,116.429976,2011-02-25 14:15:21
153,39.987775,116.430231,2011-02-25 14:15:22
153,39.987765,116.430488,2011-02-25 14:15:23
153,39.987747,116.430739,2011-02-25 14:15:24
153,39.98772,116.430987,2011-02-25 14:15:25
153,39.987685,116.431234,2011-02-25 14:15:26
153,39.987654,116.431478,2011-02-25 14:15:27
153,39.987615,116.431723,2011-02-25 14:15:28
153,39.987572,116.431961,2011-02-25 14:15:29
153,39.987525,116.432197,2011-02-25 14:15:30
153,39.987476,116.432424,2011-02-25 14:15:31
153,39.987428,116.432651,2011-02-25 14:15:32
153,39.987372,116.432873,2011-02-25 14:15:33
153,39.98731,116.433088,2011-02-25 14:15:34
153,39.987249,116.433294,2011-02-25 14:15:35
153,39.987191,116.433502,2011-02-25 14:15:36
153,39.987137,116.433702,2011-02-25 14:15:37
153,39.987074,116.433894,2011-02-25 14:15:38
153,39.98701,116.43408,2011-02-25 14:15:39
153,39.986948,116.434264,2011-02-25 14:15:40
153,39.986883,116.434447,2011-02-25 14:15:41
153,39.986816,116.43463,2011-02-25 14:15:42
153,39.98675,116.434814,2011-02-25 14:15:43
153,39.986676,116.435001,2011-02-25 14:15:44
153,39.986604,116.435185,2011-02-25 14:15:45
153,39.98653,116.43537,2011-02-25 14:15:46
153,39.98646,116.435554,2011-02-25 14:15:47
153,39.98639,116.435729,2011-02-25 14:15:48
153,39.986323,116.435899,2011-02-25 14:15:49
153,39.986258,116.436065,2011-02-25 14:15:50
153,39.986184,116.436231,2011-02-25 14:15:51
153,39.986106,116.436406,2011-02-25 14:15:52
153,39.986033,116.436575,2011-02-25 14:15:53
153,39.985959,116.436749,2011-02-25 14:15:54
153,39.985895,116.436949,2011-02-25 14:15:55
153,39.98582,116.437149,2011-02-25 14:15:56
153,39.985732,116.437358,2011-02-25 14:15:57
153,39.985642,116.437569,2011-02-25 14:15:58
153,39.985557,116.437783,2011-02-25 14:15:59
153,39.985473,116.438004,2011-02-25 14:16:00
153,39.985384,116.438228,2011-02-25 14:16:01
153,39.985294,116.438454,2011-02-25 14:16:02
153,39.9852,116.438699,2011-02-25 14:16:03
153,39.98511,116.438937,2011-02-25 14:16:04
153,39.98502,116.439168,2011-02-25 14:16:05
153,39.984931,116.439395,2011-02-25 14:16:06
153,39.984847,116.439613,2011-02-25 14:16:07
153,39.984764,116.439832,2011-02-25 14:16:08
153,39.984686,116.440047,2011-02-25 14:16:09
153,39.984608,116.440251,2011-02-25 14:16:10
153,39.984529,116.44046,2011-02-25 14:16:11
153,39.984449,116.440664,2011-02-25 14:16:12
153,39.984368,116.440866,2011-02-25 14:16:13
153,39.98429,116.441062,2011-02-25 14:16:14
153,39.984208,116.441248,2011-02-25 14:16:15
153,39.984118,116.441427,2011-02-25 14:16:16
153,39.984026,116.441598,2011-02-25 14:16:17
153,39.983929,116.441764,2011-02-25 14:16:18
153,39.983826,116.441925,2011-02-25 14:16:19
153,39.983728,116.442077,2011-02-25 14:16:20
153,39.983633,116.44222,2011-02-25 14:16:21
153,39.983539,116.442362,2011-02-25 14:16:22
153,39.983441,116.442508,2011-02-25 14:16:23
153,39.98334,116.442656,2011-02-25 14:16:24
153,39.983241,116.442805,2011-02-25 14:16:25
153,39.983144,116.44295,2011-02-25 14:16:26
153,39.983048,116.443093,2011-02-25 14:16:27
153,39.982954,116.443231,2011-02-25 14:16:28
153,39.982864,116.443365,2011-02-25 14:16:29
153,39.982776,116.443496,2011-02-25 14:16:30
153,39.982689,116.443625,2011-02-25 14:16:31
153,39.982602,116.443755,2011-02-25 14:16:32
153,39.982516,116.443882,2011-02-25 14:16:33
153,39.982429,116.444007,2011-02-25 14:16:34
153,39.982341,116.444123,2011-02-25 14:16:35
153,39.982248,116.444241,2011-02-25 14:16:36
153,39.982162,116.444359,2011-02-25 14:16:37
153,39.982082,116.444481,2011-02-25 14:16:38
153,39.982004,116.4446,2011-02-25 14:16:39
153,39.981927,116.444717,2011-02-25 14:16:40
153,39.981849,116.44484,2011-02-25 14:16:41
153,39.98177,116.44496,2011-02-25 14:16:42
153,39.981692,116.445082,2011-02-25 14:16:43
153,39.981615,116.445201,2011-02-25 14:16:44
153,39.981541,116.445319,2011-02-25 14:16:45
153,39.981467,116.445436,2011-02-25 14:16:46
153,39.981393,116.445545,2011-02-25 14:16:47
153,39.981319,116.445655,2011-02-25 14:16:48
153,39.981248,116.445759,2011-02-25 14:16:49
153,39.981179,116.445863,2011-02-25 14:16:50
153,39.981109,116.445967,2011-02-25 14:16:51
153,39.981041,116.446071,2011-02-25 14:16:52
153,39.980972,116.446178,2011-02-25 14:16:53
153,39.980906,116.446281,2011-02-25 14:16:54
153,39.980842,116.446384,2011-02-25 14:16:55
153,39.980779,116.446482,2011-02-25 14:16:56
153,39.980717,116.446578,2011-02-25 14:16:57
153,39.980657,116.446672,2011-02-25 14:16:58
153,39.980547,116.446849,2011-02-25 14:17:00
153,39.980439,116.447015,2011-02-25 14:17:02
153,39.980338,116.447171,2011-02-25 14:17:04
153,39.980241,116.447318,2011-02-25 14:17:06
153,39.980149,116.447461,2011-02-25 14:17:08
153,39.980061,116.447599,2011-02-25 14:17:10
153,39.979983,116.447719,2011-02-25 14:17:12
153,39.979924,116.447818,2011-02-25 14:17:14
153,39.979843,116.447948,2011-02-25 14:17:17
153,39.979777,116.44805,2011-02-25 14:17:21
153,39.979768,116.448072,2011-02-25 14:17:26
153,39.979768,116.448073,2011-02-25 14:17:31
153,39.979767,116.448074,2011-02-25 14:17:36
153,39.979767,116.448075,2011-02-25 14:17:41
153,39.979765,116.448077,2011-02-25 14:17:46
153,39.979763,116.448081,2011-02-25 14:17:51
153,39.979762,116.448083,2011-02-25 14:17:56
153,39.97976,116.448086,2011-02-25 14:18:01
153,39.97976,116.448087,2011-02-25 14:18:06
153,39.97976,116.448087,2011-02-25 14:18:09
153,39.979759,116.448087,2011-02-25 14:18:11
153,39.979744,116.448112,2011-02-25 14:18:16
153,39.979685,116.448238,2011-02-25 14:18:20
153,39.97963,116.448392,2011-02-25 14:18:23
153,39.979593,116.448541,2011-02-25 14:18:26
153,39.979539,116.448563,2011-02-25 14:18:31
153,39.97953,116.448568,2011-02-25 14:18:36
153,39.979533,116.448575,2011-02-25 14:18:41
153,39.979533,116.448575,2011-02-25 14:18:44
153,39.979534,116.448573,2011-02-25 14:18:46
153,39.979539,116.448563,2011-02-25 14:18:51
153,39.979546,116.448551,2011-02-25 14:18:56
153,39.979554,116.448542,2011-02-25 14:19:01
153,39.979621,116.448674,2011-02-25 14:19:05
153,39.979589,116.448899,2011-02-25 14:19:07
153,39.979675,116.449002,2011-02-25 14:19:09
153,39.979726,116.449102,2011-02-25 14:19:10
153,39.979841,116.449173,2011-02-25 14:19:12
153,39.979979,116.449267,2011-02-25 14:19:14
153,39.980062,116.449321,2011-02-25 14:19:15
153,39.980147,116.449378,2011-02-25 14:19:16
153,39.980238,116.449441,2011-02-25 14:19:17
153,39.980339,116.449508,2011-02-25 14:19:18
153,39.980431,116.449568,2011-02-25 14:19:19
153,39.980532,116.449632,2011-02-25 14:19:20
153,39.980631,116.449694,2011-02-25 14:19:21
153,39.980728,116.449762,2011-02-25 14:19:22
153,39.980826,116.44983,2011-02-25 14:19:23
153,39.980922,116.449894,2011-02-25 14:19:24
153,39.981013,116.449963,2011-02-25 14:19:25
153,39.981102,116.450023,2011-02-25 14:19:26
153,39.98119,116.450081,2011-02-25 14:19:27
153,39.981274,116.450147,2011-02-25 14:19:28
153,39.981354,116.450208,2011-02-25 14:19:29
153,39.981514,116.450311,2011-02-25 14:19:31
153,39.981664,116.450407,2011-02-25 14:19:33
153,39.981814,116.4505,2011-02-25 14:19:35
153,39.981897,116.45055,2011-02-25 14:19:36
153,39.981987,116.450595,2011-02-25 14:19:37
153,39.982074,116.450636,2011-02-25 14:19:38
153,39.982161,116.450678,2011-02-25 14:19:39
153,39.982252,116.450718,2011-02-25 14:19:40
153,39.982344,116.450761,2011-02-25 14:19:41
153,39.982441,116.450793,2011-02-25 14:19:42
153,39.982537,116.450814,2011-02-25 14:19:43
153,39.982637,116.45083,2011-02-25 14:19:44
153,39.982738,116.450844,2011-02-25 14:19:45
153,39.98284,116.450855,2011-02-25 14:19:46
153,39.982946,116.450866,2011-02-25 14:19:47
153,39.98305,116.45087,2011-02-25 14:19:48
153,39.983161,116.450877,2011-02-25 14:19:49
153,39.983272,116.450884,2011-02-25 14:19:50
153,39.983383,116.450887,2011-02-25 14:19:51
153,39.983495,116.450887,2011-02-25 14:19:52
153,39.983611,116.450892,2011-02-25 14:19:53
153,39.983728,116.450895,2011-02-25 14:19:54
153,39.983844,116.450897,2011-02-25 14:19:55
153,39.983958,116.450897,2011-02-25 14:19:56
153,39.984068,116.450897,2011-02-25 14:19:57
153,39.984171,116.450895,2011-02-25 14:19:58
153,39.984261,116.450881,2011-02-25 14:19:59
153,39.984355,116.450882,2011-02-25 14:20:00
153,39.984517,116.450881,2011-02-25 14:20:02
153,39.98466,116.450892,2011-02-25 14:20:04
153,39.984789,116.450889,2011-02-25 14:20:06
153,39.984903,116.450882,2011-02-25 14:20:08
153,39.984999,116.450876,2011-02-25 14:20:10
153,39.985101,116.450863,2011-02-25 14:20:13
153,39.985163,116.450854,2011-02-25 14:20:18
153,39.985175,116.450851,2011-02-25 14:20:23
153,39.985244,116.450767,2011-02-25 14:20:28
153,39.985318,116.450636,2011-02-25 14:20:32
153,39.985372,116.450531,2011-02-25 14:20:34
153,39.98545,116.450419,2011-02-25 14:20:36
153,39.985526,116.450277,2011-02-25 14:20:38
153,39.985627,116.45013,2011-02-25 14:20:40
153,39.985716,116.449973,2011-02-25 14:20:42
153,39.985819,116.449832,2011-02-25 14:20:44
153,39.985908,116.449702,2011-02-25 14:20:46
153,39.985997,116.449573,2011-02-25 14:20:48
153,39.98609,116.449447,2011-02-25 14:20:50
153,39.986172,116.449324,2011-02-25 14:20:52
153,39.986242,116.449217,2011-02-25 14:20:54
153,39.986303,116.449109,2011-02-25 14:20:56
153,39.986375,116.449012,2011-02-25 14:20:58
153,39.986431,116.448913,2011-02-25 14:21:00
153,39.986506,116.44879,2011-02-25 14:21:03
153,39.986564,116.448687,2011-02-25 14:21:06
153,39.986657,116.448668,2011-02-25 14:21:10
153,39.986722,116.448719,2011-02-25 14:21:15
153,39.98673,116.448719,2011-02-25 14:21:20
153,39.986732,116.448718,2011-02-25 14:21:25
153,39.986732,116.448718,2011-02-25 14:21:28
153,39.986738,116.448713,2011-02-25 14:21:30
153,39.986749,116.44871,2011-02-25 14:21:35
153,39.986833,116.448739,2011-02-25 14:21:40
153,39.986849,116.448888,2011-02-25 14:21:45
153,39.986896,116.448993,2011-02-25 14:21:49
153,39.986997,116.449013,2011-02-25 14:21:53
153,39.987107,116.449022,2011-02-25 14:21:57
