user_id,latitude,longtitude,timestamp
150,39.9762666666667,116.330533333333,2007-07-31 11:48:43
150,39.9761833333333,116.33045,2007-07-31 11:50:05
150,39.9758666666667,116.33,2007-07-31 11:54:35
150,39.9761,116.330316666667,2007-07-31 11:54:40
150,39.9762166666667,116.3305,2007-07-31 11:55:15
150,39.97635,116.330483333333,2007-07-31 11:55:43
150,39.9763,116.330333333333,2007-07-31 11:56:37
150,39.9762,116.33015,2007-07-31 11:59:14
150,39.9753833333333,116.33085,2007-07-31 12:18:08
150,39.9753166666667,116.331083333333,2007-07-31 12:18:34
150,39.9753,116.331383333333,2007-07-31 12:19:00
150,39.97525,116.33355,2007-07-31 12:21:22
150,39.9752166666667,116.334383333333,2007-07-31 12:22:15
150,39.9753166666667,116.337566666667,2007-07-31 12:25:51
150,39.9753833333333,116.33795,2007-07-31 12:26:17
150,39.97535,116.33825,2007-07-31 12:26:40
150,39.9753666666667,116.33845,2007-07-31 12:26:56
150,39.9754833333333,116.338566666667,2007-07-31 12:27:10
150,39.9755833333333,116.338833333333,2007-07-31 12:27:29
150,39.9756833333333,116.339033333333,2007-07-31 12:27:46
150,39.9758333333333,116.339166666667,2007-07-31 12:28:18
150,39.97615,116.339216666667,2007-07-31 12:28:48
150,39.9763,116.339266666667,2007-07-31 12:29:02
150,39.97645,116.339333333333,2007-07-31 12:29:15
150,39.97665,116.33945,2007-07-31 12:29:32
150,39.9768166666667,116.3396,2007-07-31 12:29:49
150,39.9770833333333,116.339566666667,2007-07-31 12:30:12
150,39.9772833333333,116.339566666667,2007-07-31 12:30:31
150,39.9774333333333,116.339533333333,2007-07-31 12:30:46
150,39.9777,116.339533333333,2007-07-31 12:31:08
150,39.9778333333333,116.339533333333,2007-07-31 12:31:20
150,39.9778666666667,116.339966666667,2007-07-31 12:31:54
150,39.9778666666667,116.340216666667,2007-07-31 12:32:11
150,39.9778666666667,116.340666666667,2007-07-31 12:33:18
150,39.9779333333333,116.34095,2007-07-31 12:33:38
150,39.97795,116.3412,2007-07-31 12:33:55
150,39.9779666666667,116.341716666667,2007-07-31 12:34:30
150,39.9779,116.34205,2007-07-31 12:34:56
150,39.9779,116.3423,2007-07-31 12:35:11
150,39.9779666666667,116.34295,2007-07-31 12:35:52
150,39.9780166666667,116.343616666667,2007-07-31 12:36:36
150,39.9781,116.34375,2007-07-31 12:37:05
150,39.9783333333333,116.3438,2007-07-31 12:37:25
150,39.9785666666667,116.3438,2007-07-31 12:37:45
150,39.9787166666667,116.34395,2007-07-31 12:38:04
150,39.97875,116.34415,2007-07-31 12:38:16
150,39.97805,116.3411,2007-07-31 15:39:14
150,39.9779833333333,116.34085,2007-07-31 15:39:36
150,39.9780166666667,116.340483333333,2007-07-31 15:40:05
150,39.978,116.339983333333,2007-07-31 15:40:51
150,39.9779833333333,116.339633333333,2007-07-31 15:41:18
150,39.9777166666667,116.339583333333,2007-07-31 15:41:43
150,39.9774666666667,116.339616666667,2007-07-31 15:42:06
150,39.9771833333333,116.3396,2007-07-31 15:42:37
150,39.977,116.33955,2007-07-31 15:43:00
150,39.9768666666667,116.339383333333,2007-07-31 15:43:19
150,39.9766666666667,116.3381,2007-07-31 15:45:33
150,39.9775333333333,116.3376,2007-07-31 15:45:42
150,39.97715,116.337633333333,2007-07-31 15:46:03
150,39.977,116.33765,2007-07-31 15:46:09
150,39.9768666666667,116.337533333333,2007-07-31 15:46:20
150,39.9766833333333,116.337566666667,2007-07-31 15:46:35
150,39.9768166666667,116.337533333333,2007-07-31 15:46:44
150,39.978,116.340316666667,2007-07-31 23:33:47
150,39.97715,116.339,2007-07-31 23:34:02
150,39.9770166666667,116.338766666667,2007-07-31 23:34:05
150,39.9772666666667,116.339133333333,2007-07-31 23:34:17
150,39.9770666666667,116.339066666667,2007-07-31 23:34:38
150,39.9768333333333,116.338916666667,2007-07-31 23:34:53
150,39.9764,116.338566666667,2007-07-31 23:35:26
150,39.9762,116.338433333333,2007-07-31 23:35:38
150,39.976,116.338483333333,2007-07-31 23:35:48
150,39.9757166666667,116.3385,2007-07-31 23:36:01
150,39.9754666666667,116.338333333333,2007-07-31 23:36:27
150,39.97525,116.338183333333,2007-07-31 23:37:13
150,39.97525,116.3384,2007-07-31 23:37:26
150,39.9751333333333,116.338483333333,2007-07-31 23:37:38
150,39.9752333333333,116.338633333333,2007-07-31 23:38:14
150,39.9752666666667,116.33845,2007-07-31 23:39:13
150,39.9753166666667,116.33825,2007-07-31 23:39:28
150,39.9752833333333,116.338016666667,2007-07-31 23:40:00
150,39.9751333333333,116.338,2007-07-31 23:40:13
150,39.9749833333333,116.338133333333,2007-07-31 23:40:31
150,39.9751333333333,116.3383,2007-07-31 23:40:55
150,39.9751666666667,116.33855,2007-07-31 23:41:20
150,39.9752666666667,116.338416666667,2007-07-31 23:41:40
150,39.9754,116.338383333333,2007-07-31 23:42:06
150,39.9754333333333,116.338216666667,2007-07-31 23:43:13
150,39.9754666666667,116.33885,2007-07-31 23:43:46
150,39.9753166666667,116.338883333333,2007-07-31 23:44:25
150,39.97535,116.34135,2007-07-31 23:45:07
150,39.97525,116.341983333333,2007-07-31 23:45:26
150,39.9752166666667,116.34685,2007-07-31 23:46:04
150,39.9752333333333,116.347033333333,2007-07-31 23:46:11
150,39.9753,116.347116666667,2007-07-31 23:46:35
150,39.9754833333333,116.347083333333,2007-07-31 23:47:00
150,39.97545,116.347533333333,2007-07-31 23:47:34
150,39.9754166666667,116.34795,2007-07-31 23:47:41
150,39.9767666666667,116.348233333333,2007-07-31 23:48:03
150,39.9786,116.34795,2007-07-31 23:48:23
150,39.9813,116.3478,2007-07-31 23:49:09
150,39.9817333333333,116.347716666667,2007-07-31 23:49:51
150,39.9847833333333,116.347566666667,2007-07-31 23:50:31
150,39.9851666666667,116.3479,2007-07-31 23:50:34
150,39.98525,116.34905,2007-07-31 23:50:46
150,39.9853,116.35075,2007-07-31 23:51:02
150,39.9852833333333,116.351116666667,2007-07-31 23:51:11
150,39.9857,116.3645,2007-07-31 23:53:51
150,39.9857333333333,116.365016666667,2007-07-31 23:53:59
150,39.9857166666667,116.367116666667,2007-07-31 23:54:17
150,39.9857333333333,116.36925,2007-07-31 23:54:50
150,39.98575,116.370116666667,2007-07-31 23:55:18
150,39.9856166666667,116.370766666667,2007-07-31 23:55:26
150,39.98565,116.3711,2007-07-31 23:55:31
150,39.9858833333333,116.371416666667,2007-07-31 23:55:39
150,39.9859833333333,116.373483333333,2007-07-31 23:56:21
150,39.9859,116.373916666667,2007-07-31 23:56:38
150,39.9860333333333,116.374483333333,2007-07-31 23:56:54
150,39.9861333333333,116.376716666667,2007-07-31 23:57:33
150,39.9860833333333,116.3796,2007-07-31 23:59:08
150,39.9862333333333,116.382566666667,2007-07-31 23:59:31
150,39.9862333333333,116.383216666667,2007-07-31 23:59:53
150,39.9863166666667,116.384,2007-08-01 00:00:02
150,39.9865833333333,116.396516666667,2007-08-01 00:01:38
150,39.98665,116.396716666667,2007-08-01 00:01:56
150,39.98665,116.397233333333,2007-08-01 00:02:02
150,39.98675,116.397966666667,2007-08-01 00:02:11
150,39.9867833333333,116.400916666667,2007-08-01 00:02:42
150,39.9869333333333,116.406733333333,2007-08-01 00:03:42
150,39.9869833333333,116.40785,2007-08-01 00:04:05
150,39.9869166666667,116.408066666667,2007-08-01 00:04:40
150,39.987,116.408833333333,2007-08-01 00:04:53
150,39.98715,116.414383333333,2007-08-01 00:05:45
150,39.9871333333333,116.414583333333,2007-08-01 00:05:59
150,39.9871333333333,116.414816666667,2007-08-01 00:06:28
150,39.9872166666667,116.415166666667,2007-08-01 00:06:38
150,39.9873166666667,116.416783333333,2007-08-01 00:06:57
150,39.9874,116.423383333333,2007-08-01 00:09:23
150,39.9874,116.423633333333,2007-08-01 00:09:42
150,39.98755,116.430183333333,2007-08-01 00:10:38
150,39.9874666666667,116.4309,2007-08-01 00:11:11
150,39.9874166666667,116.431333333333,2007-08-01 00:11:29
150,39.9870666666667,116.431716666667,2007-08-01 00:11:33
150,39.9876833333333,116.4322,2007-08-01 00:11:42
150,39.9871333333333,116.4329,2007-08-01 00:11:46
150,39.9859666666667,116.434333333333,2007-08-01 00:12:02
150,39.9853833333333,116.434633333333,2007-08-01 00:12:09
150,39.9845666666667,116.436466666667,2007-08-01 00:12:27
150,39.9848333333333,116.437,2007-08-01 00:12:36
150,39.9849833333333,116.437766666667,2007-08-01 00:12:44
150,39.9848833333333,116.438766666667,2007-08-01 00:12:53
150,39.98435,116.440466666667,2007-08-01 00:13:07
150,39.9835833333333,116.442,2007-08-01 00:13:42
150,39.98115,116.44575,2007-08-01 00:14:21
150,39.9809333333333,116.446,2007-08-01 00:14:26
150,39.9806833333333,116.4465,2007-08-01 00:14:49
150,39.9798666666667,116.4477,2007-08-01 00:15:09
150,39.9794666666667,116.44835,2007-08-01 00:15:40
150,39.9794166666667,116.44875,2007-08-01 00:15:52
150,39.98,116.44935,2007-08-01 00:15:59
150,39.9820833333333,116.450866666667,2007-08-01 00:16:44
150,39.9824833333333,116.4511,2007-08-01 00:16:56
150,39.98315,116.451766666667,2007-08-01 00:17:07
150,39.9835333333333,116.452666666667,2007-08-01 00:17:17
150,39.9836,116.45295,2007-08-01 00:17:40
150,39.9837333333333,116.453533333333,2007-08-01 00:17:50
150,39.9846166666667,116.456616666667,2007-08-01 00:18:25
150,39.9847666666667,116.456916666667,2007-08-01 00:18:32
150,39.9844,116.457683333333,2007-08-01 00:18:49
150,39.9829333333333,116.459883333333,2007-08-01 00:19:12
150,39.9824166666667,116.46025,2007-08-01 00:19:22
150,39.9819666666667,116.460316666667,2007-08-01 00:19:41
150,39.98165,116.460283333333,2007-08-01 00:19:49
150,39.98045,116.460216666667,2007-08-01 00:20:08
150,39.9801,116.46015,2007-08-01 00:20:36
150,39.9793833333333,116.4602,2007-08-01 00:20:51
150,39.97915,116.460266666667,2007-08-01 00:20:59
150,39.9789833333333,116.460416666667,2007-08-01 00:22:07
150,39.9787666666667,116.460683333333,2007-08-01 00:22:19
150,39.9786,116.460933333333,2007-08-01 00:23:29
150,39.9787,116.460966666667,2007-08-01 00:23:37
150,39.9787333333333,116.460783333333,2007-08-01 00:23:44
150,39.9783666666667,116.461066666667,2007-08-01 00:24:00
150,39.9782166666667,116.4614,2007-08-01 00:24:06
150,39.9782333333333,116.4617,2007-08-01 00:24:14
150,39.9790666666667,116.4626,2007-08-01 00:24:31
150,39.9802666666667,116.463916666667,2007-08-01 00:25:00
150,39.9823166666667,116.46605,2007-08-01 00:25:38
150,39.9824666666667,116.466166666667,2007-08-01 00:26:11
150,39.9828833333333,116.465866666667,2007-08-01 00:26:26
150,39.9832,116.465316666667,2007-08-01 00:27:06
150,39.9842666666667,116.464033333333,2007-08-01 00:27:12
150,39.98425,116.463816666667,2007-08-01 00:27:15
150,39.9843166666667,116.46365,2007-08-01 00:27:38
150,39.9842333333333,116.4639,2007-08-01 00:28:10
150,39.9843333333333,116.464266666667,2007-08-01 00:31:19
150,39.98455,116.463916666667,2007-08-01 00:31:21
150,39.9845,116.464116666667,2007-08-01 00:31:30
150,39.9844666666667,116.463966666667,2007-08-01 00:31:49
150,39.9844,116.463816666667,2007-08-01 00:32:32
150,39.9842833333333,116.46355,2007-08-01 00:34:25
150,39.9844,116.463133333333,2007-08-01 00:36:26
150,39.98455,116.462866666667,2007-08-01 00:36:33
150,39.9865666666667,116.460216666667,2007-08-01 00:37:54
150,39.9868666666667,116.45985,2007-08-01 00:38:03
150,39.9872666666667,116.459883333333,2007-08-01 00:38:12
150,39.99025,116.463,2007-08-01 00:39:14
150,39.9905,116.463283333333,2007-08-01 00:39:21
150,39.99085,116.463666666667,2007-08-01 00:39:29
150,39.9926666666667,116.46575,2007-08-01 00:40:05
150,39.9943166666667,116.467533333333,2007-08-01 00:40:32
150,39.99445,116.46775,2007-08-01 00:40:51
150,39.9948,116.467983333333,2007-08-01 00:40:58
150,39.9954,116.468633333333,2007-08-01 00:41:08
150,39.9958333333333,116.469116666667,2007-08-01 00:41:17
150,39.9962666666667,116.468933333333,2007-08-01 00:41:28
150,39.9975333333333,116.467033333333,2007-08-01 00:41:49
150,39.9984,116.465783333333,2007-08-01 00:42:30
150,39.9988333333333,116.465783333333,2007-08-01 00:42:37
150,40.0002333333333,116.4673,2007-08-01 00:42:57
150,40.0007833333333,116.467366666667,2007-08-01 00:43:04
150,40.0026,116.467183333333,2007-08-01 00:43:24
150,40.0033,116.467133333333,2007-08-01 00:43:56
150,40.00355,116.4671,2007-08-01 00:44:05
150,40.0061666666667,116.467,2007-08-01 00:44:53
150,40.0064166666667,116.467033333333,2007-08-01 00:45:00
150,40.0065833333333,116.467,2007-08-01 00:45:30
150,40.0078666666667,116.466916666667,2007-08-01 00:45:56
150,40.009,116.4669,2007-08-01 00:46:12
150,40.0098666666667,116.466883333333,2007-08-01 00:46:47
150,40.0101,116.468733333333,2007-08-01 00:47:06
150,40.0100166666667,116.473716666667,2007-08-01 00:48:12
150,40.0094666666667,116.475733333333,2007-08-01 00:48:29
150,40.0093,116.476116666667,2007-08-01 00:48:45
150,40.0092333333333,116.47625,2007-08-01 00:49:11
150,40.0093666666667,116.47665,2007-08-01 00:49:34
150,40.00935,116.476883333333,2007-08-01 00:49:49
150,40.0092166666667,116.477133333333,2007-08-01 00:50:11
150,40.0089333333333,116.477516666667,2007-08-01 00:50:42
150,40.0088166666667,116.477683333333,2007-08-01 00:50:55
150,40.00885,116.477983333333,2007-08-01 00:51:11
150,40.0087166666667,116.478233333333,2007-08-01 00:51:29
150,40.0085666666667,116.478383333333,2007-08-01 00:51:46
150,40.00855,116.477433333333,2007-08-01 11:17:18
150,40.0088166666667,116.4781,2007-08-01 11:17:28
150,40.0087666666667,116.477833333333,2007-08-01 11:17:43
150,40.0088,116.477566666667,2007-08-01 11:18:04
150,40.00895,116.477333333333,2007-08-01 11:18:27
150,40.0090833333333,116.477216666667,2007-08-01 11:18:40
150,40.0092833333333,116.476916666667,2007-08-01 11:19:04
150,40.0094333333333,116.476616666667,2007-08-01 11:19:26
150,40.0095,116.476383333333,2007-08-01 11:19:44
150,40.0095833333333,116.476166666667,2007-08-01 11:20:03
150,40.0098333333333,116.47555,2007-08-01 11:36:05
150,40.0100833333333,116.474566666667,2007-08-01 11:36:16
150,40.0103,116.472683333333,2007-08-01 11:36:36
150,40.0103333333333,116.472466666667,2007-08-01 11:37:39
150,40.0103,116.469933333333,2007-08-01 11:38:07
150,40.0102833333333,116.467183333333,2007-08-01 11:39:24
150,40.0103,116.466833333333,2007-08-01 11:39:35
150,40.0103666666667,116.466016666667,2007-08-01 11:39:48
150,40.0103166666667,116.465483333333,2007-08-01 11:40:00
150,40.01035,116.4653,2007-08-01 11:40:38
150,40.0103166666667,116.464766666667,2007-08-01 11:40:50
150,40.01035,116.4622,2007-08-01 11:41:43
150,40.0101666666667,116.462183333333,2007-08-01 11:41:52
150,40.0102,116.461683333333,2007-08-01 11:42:08
150,40.0101666666667,116.461316666667,2007-08-01 11:42:15
150,40.0097333333333,116.461083333333,2007-08-01 11:42:23
150,40.0088166666667,116.461083333333,2007-08-01 11:42:46
150,40.0087166666667,116.461016666667,2007-08-01 11:43:11
150,40.0076666666667,116.461133333333,2007-08-01 11:43:53
150,40.0074,116.461166666667,2007-08-01 11:43:58
150,40.0058833333333,116.462366666667,2007-08-01 11:44:31
150,40.0053833333333,116.461333333333,2007-08-01 11:44:34
150,40.0043166666667,116.4614,2007-08-01 11:44:53
150,40.0037166666667,116.4614,2007-08-01 11:45:22
150,39.99535,116.456683333333,2007-08-01 11:52:12
150,39.9911833333333,116.457183333333,2007-08-01 11:52:20
150,39.9909666666667,116.456466666667,2007-08-01 11:52:22
150,39.9904333333333,116.456416666667,2007-08-01 11:52:28
150,39.9902333333333,116.456416666667,2007-08-01 11:52:34
150,39.99,116.4564,2007-08-01 11:53:34
150,39.9887166666667,116.455566666667,2007-08-01 11:53:37
150,39.9884166666667,116.454783333333,2007-08-01 11:53:46
150,39.9881666666667,116.454216666667,2007-08-01 11:53:55
150,39.9878333333333,116.452566666667,2007-08-01 11:54:24
150,39.9877666666667,116.452,2007-08-01 11:54:35
150,39.9877833333333,116.451766666667,2007-08-01 11:54:46
150,39.9875166666667,116.451266666667,2007-08-01 11:55:10
150,39.9853166666667,116.4508,2007-08-01 11:55:50
150,39.9810333333333,116.4501,2007-08-01 11:56:33
150,39.9802166666667,116.449533333333,2007-08-01 11:56:42
150,39.9802166666667,116.448016666667,2007-08-01 11:57:03
150,39.9805333333333,116.4477,2007-08-01 11:57:09
150,39.9812833333333,116.446483333333,2007-08-01 11:57:23
150,39.9816166666667,116.446016666667,2007-08-01 11:57:28
150,39.9820833333333,116.44535,2007-08-01 11:57:39
150,39.9833833333333,116.443233333333,2007-08-01 11:58:02
150,39.98465,116.441233333333,2007-08-01 11:58:24
150,39.9853,116.439633333333,2007-08-01 11:58:50
150,39.9856333333333,116.439116666667,2007-08-01 11:58:56
150,39.9862666666667,116.438566666667,2007-08-01 11:59:05
150,39.9868333333333,116.4384,2007-08-01 11:59:14
150,39.9871,116.4383,2007-08-01 11:59:55
150,39.9877333333333,116.435016666667,2007-08-01 12:00:06
150,39.9877833333333,116.4339,2007-08-01 12:00:14
150,39.9878166666667,116.432983333333,2007-08-01 12:00:23
150,39.9878833333333,116.432533333333,2007-08-01 12:00:28
150,39.9880666666667,116.431483333333,2007-08-01 12:00:57
150,39.98815,116.42795,2007-08-01 12:01:38
150,39.9795166666667,116.344616666667,2007-08-01 14:58:02
150,39.9794,116.344783333333,2007-08-01 14:58:23
150,39.9791666666667,116.3447,2007-08-01 14:58:44
150,39.97885,116.344466666667,2007-08-01 14:59:08
150,39.9787166666667,116.3444,2007-08-01 14:59:19
150,39.97845,116.344383333333,2007-08-01 14:59:40
150,39.9783,116.344316666667,2007-08-01 14:59:53
150,39.9781666666667,116.34425,2007-08-01 15:00:05
150,39.9781833333333,116.344483333333,2007-08-01 15:00:23
150,39.9783333333333,116.34485,2007-08-01 15:00:48
150,39.9783166666667,116.3446,2007-08-01 15:00:51
150,39.9782833333333,116.3444,2007-08-01 15:00:54
150,39.9782666666667,116.344216666667,2007-08-01 15:01:02
150,39.9782666666667,116.34395,2007-08-01 15:01:16
150,39.9782,116.343633333333,2007-08-01 15:01:37
150,39.9781666666667,116.343383333333,2007-08-01 15:01:51
150,39.97815,116.342916666667,2007-08-01 15:02:17
150,39.9780333333333,116.34255,2007-08-01 15:02:27
150,39.9778333333333,116.342533333333,2007-08-01 15:02:43
150,39.97775,116.342116666667,2007-08-01 15:03:20
150,39.9776166666667,116.3428,2007-08-01 15:19:23
150,39.9778833333333,116.342733333333,2007-08-01 15:19:50
150,39.9781,116.341483333333,2007-08-01 15:20:54
150,39.9778666666667,116.341266666667,2007-08-01 15:21:16
150,39.9778833333333,116.340533333333,2007-08-01 15:21:50
150,39.9777333333333,116.340333333333,2007-08-01 15:22:07
150,39.9773,116.3402,2007-08-01 15:22:33
150,39.97665,116.340183333333,2007-08-01 15:23:09
150,39.9764833333333,116.340133333333,2007-08-01 15:23:18
150,39.9762833333333,116.337883333333,2007-08-02 00:19:31
150,39.9763833333333,116.338133333333,2007-08-02 00:19:52
150,39.9763333333333,116.33835,2007-08-02 00:20:04
150,39.9757,116.3392,2007-08-02 00:20:39
150,39.9758,116.339333333333,2007-08-02 00:20:48
150,39.9759166666667,116.33945,2007-08-02 00:21:03
150,39.9769333333333,116.3396,2007-08-02 00:22:13
150,39.9771666666667,116.339566666667,2007-08-02 00:22:35
150,39.9772666666667,116.33975,2007-08-02 00:22:46
150,39.9771833333333,116.340366666667,2007-08-02 00:23:12
150,39.9772,116.3408,2007-08-02 00:23:44
150,39.9772333333333,116.341166666667,2007-08-02 00:24:04
150,39.97725,116.34145,2007-08-02 00:24:23
150,39.9773833333333,116.341583333333,2007-08-02 00:24:33
150,39.9775166666667,116.341733333333,2007-08-02 00:24:43
150,39.97755,116.341916666667,2007-08-02 00:24:57
150,39.9776166666667,116.342116666667,2007-08-02 00:25:10
150,39.9777166666667,116.342416666667,2007-08-02 00:25:27
150,39.9778166666667,116.3428,2007-08-02 00:25:54
150,39.9779166666667,116.343416666667,2007-08-02 00:26:37
150,39.9778166666667,116.34365,2007-08-02 00:26:57
150,39.9779166666667,116.343933333333,2007-08-02 00:27:11
150,39.9781,116.3441,2007-08-02 00:27:27
150,39.97845,116.344133333333,2007-08-02 00:27:53
150,39.9788333333333,116.34415,2007-08-02 00:28:22
150,39.9789833333333,116.34415,2007-08-02 00:28:35
150,39.9792166666667,116.34415,2007-08-02 00:28:51
150,39.9793833333333,116.344183333333,2007-08-02 00:29:03
150,39.9795166666667,116.3441,2007-08-02 00:29:16
150,39.97985,116.347316666667,2007-08-02 02:18:18
150,39.9800333333333,116.3473,2007-08-02 02:18:33
150,39.9805333333333,116.347333333333,2007-08-02 02:19:15
150,39.9810333333333,116.347333333333,2007-08-02 02:19:52
150,39.9812333333333,116.347416666667,2007-08-02 02:20:12
150,39.9675833333333,116.347883333333,2007-08-02 02:23:21
150,39.96705,116.347483333333,2007-08-02 02:23:23
150,39.9648333333333,116.346966666667,2007-08-02 02:23:49
150,39.9641666666667,116.346933333333,2007-08-02 02:24:22
150,39.9627833333333,116.347016666667,2007-08-02 02:24:26
150,39.9626833333333,116.346883333333,2007-08-02 02:24:39
150,39.9556666666667,116.347266666667,2007-08-02 02:26:01
150,39.9556333333333,116.347566666667,2007-08-02 02:26:25
150,39.9552,116.3485,2007-08-02 02:26:28
150,39.9494,116.348433333333,2007-08-02 02:27:45
150,39.9490333333333,116.348716666667,2007-08-02 02:27:49
150,39.9484833333333,116.348733333333,2007-08-02 02:27:52
150,39.94825,116.34905,2007-08-02 02:27:59
150,39.9474,116.348966666667,2007-08-02 02:28:13
150,39.9466833333333,116.34895,2007-08-02 02:28:23
150,39.9463666666667,116.34915,2007-08-02 02:28:35
150,39.9464666666667,116.3494,2007-08-02 02:28:40
150,39.9461833333333,116.349466666667,2007-08-02 02:28:49
150,39.9424166666667,116.3495,2007-08-02 02:29:43
150,39.9414166666667,116.348783333333,2007-08-02 02:30:26
150,39.9404666666667,116.348983333333,2007-08-02 02:30:28
150,39.9074333333333,116.444733333333,2007-08-02 03:02:28
150,39.9075166666667,116.444566666667,2007-08-02 03:02:46
150,39.9078666666667,116.444716666667,2007-08-02 03:03:11
150,39.9080166666667,116.444633333333,2007-08-02 03:03:22
150,39.9082166666667,116.444516666667,2007-08-02 03:03:39
150,39.9083666666667,116.444416666667,2007-08-02 03:03:53
150,39.9085833333333,116.444416666667,2007-08-02 03:04:08
150,39.90875,116.44435,2007-08-02 03:04:23
150,39.9089166666667,116.44435,2007-08-02 03:04:37
150,39.9092333333333,116.444383333333,2007-08-02 03:05:00
150,39.9094333333333,116.444366666667,2007-08-02 03:05:13
150,39.9097166666667,116.444416666667,2007-08-02 03:05:31
150,39.90995,116.444433333333,2007-08-02 03:05:47
150,39.9101166666667,116.444416666667,2007-08-02 03:06:00
150,39.9103333333333,116.444366666667,2007-08-02 03:06:19
150,39.9105166666667,116.444366666667,2007-08-02 03:06:33
150,39.9106833333333,116.444366666667,2007-08-02 03:06:46
150,39.91085,116.44435,2007-08-02 03:06:59
150,39.9110833333333,116.44435,2007-08-02 03:07:18
150,39.9113,116.4444,2007-08-02 03:07:32
150,39.91145,116.4444,2007-08-02 03:07:44
150,39.9116666666667,116.44455,2007-08-02 03:07:57
150,39.91175,116.44485,2007-08-02 03:08:20
150,39.9119,116.445416666667,2007-08-02 03:08:53
150,39.91195,116.445716666667,2007-08-02 03:09:07
150,39.9120333333333,116.446083333333,2007-08-02 03:09:28
150,39.91215,116.446583333333,2007-08-02 03:09:59
150,39.9121666666667,116.447016666667,2007-08-02 03:10:25
150,39.9121666666667,116.447333333333,2007-08-02 03:10:43
150,39.9122166666667,116.44755,2007-08-02 03:10:57
150,39.9122166666667,116.44775,2007-08-02 03:11:09
150,39.9124166666667,116.44785,2007-08-02 03:11:31
150,39.91255,116.448,2007-08-02 03:11:36
150,39.9125833333333,116.448933333333,2007-08-02 04:19:59
150,39.9127166666667,116.4486,2007-08-02 04:20:03
150,39.9128166666667,116.447866666667,2007-08-02 04:20:22
150,39.9129,116.447416666667,2007-08-02 04:20:26
150,39.91315,116.446433333333,2007-08-02 04:20:43
150,39.9113833333333,116.452916666667,2007-08-02 04:21:41
150,39.9112666666667,116.453333333333,2007-08-02 04:21:46
150,39.9114833333333,116.453116666667,2007-08-02 04:21:52
150,39.9112833333333,116.453433333333,2007-08-02 04:22:06
150,39.911,116.4537,2007-08-02 04:22:15
150,39.9112166666667,116.452866666667,2007-08-02 04:22:35
150,39.9116833333333,116.4513,2007-08-02 04:23:26
150,39.9115166666667,116.451633333333,2007-08-02 04:23:34
150,39.9115666666667,116.451983333333,2007-08-02 04:23:41
150,39.9118166666667,116.452233333333,2007-08-02 04:23:49
150,39.9118666666667,116.452383333333,2007-08-02 04:23:55
150,39.9117666666667,116.452683333333,2007-08-02 04:24:07
150,39.9116833333333,116.452866666667,2007-08-02 04:24:16
150,39.91165,116.453166666667,2007-08-02 04:24:29
150,39.9116166666667,116.453383333333,2007-08-02 04:24:39
150,39.91175,116.453666666667,2007-08-02 04:24:50
150,39.91185,116.453866666667,2007-08-02 04:24:57
150,39.91195,116.45405,2007-08-02 04:25:07
150,39.9120666666667,116.45435,2007-08-02 04:25:25
150,39.9121,116.45465,2007-08-02 04:25:36
150,39.9120666666667,116.45485,2007-08-02 04:25:48
150,39.9120666666667,116.455016666667,2007-08-02 04:26:02
150,39.9117,116.455183333333,2007-08-02 04:26:28
150,39.9113666666667,116.455166666667,2007-08-02 04:26:53
150,39.9111666666667,116.45525,2007-08-02 04:27:10
150,39.9109166666667,116.45525,2007-08-02 04:27:28
150,39.9103,116.45525,2007-08-02 04:28:11
150,39.9100666666667,116.45525,2007-08-02 04:28:25
150,39.9098,116.45525,2007-08-02 04:28:41
150,39.9095333333333,116.455233333333,2007-08-02 04:28:57
150,39.9092666666667,116.455183333333,2007-08-02 04:29:12
150,39.9091,116.45515,2007-08-02 04:29:24
150,39.9089333333333,116.455116666667,2007-08-02 04:29:41
150,39.9087,116.45485,2007-08-02 04:30:08
150,39.9084666666667,116.4548,2007-08-02 04:30:23
150,39.9082166666667,116.4548,2007-08-02 04:30:39
150,39.90805,116.454766666667,2007-08-02 04:30:49
150,39.9078333333333,116.45475,2007-08-02 04:31:04
150,39.9075833333333,116.454733333333,2007-08-02 04:31:20
150,39.9068666666667,116.454683333333,2007-08-02 04:31:57
150,39.9066833333333,116.454783333333,2007-08-02 04:32:03
150,39.9064833333333,116.454816666667,2007-08-02 04:32:13
150,39.9061166666667,116.454716666667,2007-08-02 04:32:37
150,39.9058166666667,116.454666666667,2007-08-02 04:32:55
150,39.90555,116.45465,2007-08-02 04:33:14
150,39.9052333333333,116.4547,2007-08-02 04:33:34
150,39.90505,116.454766666667,2007-08-02 04:33:48
150,39.9048166666667,116.454933333333,2007-08-02 04:34:05
150,39.9046333333333,116.45495,2007-08-02 04:34:17
150,39.9044666666667,116.45495,2007-08-02 04:34:31
150,39.9043,116.4551,2007-08-02 04:34:41
150,39.9042,116.454883333333,2007-08-02 04:34:55
150,39.9040333333333,116.455016666667,2007-08-02 04:35:05
150,39.9039166666667,116.455016666667,2007-08-02 04:35:28
150,39.9038333333333,116.45515,2007-08-02 04:36:23
150,39.9039,116.454783333333,2007-08-02 04:37:53
150,39.9038333333333,116.454883333333,2007-08-02 04:37:53
150,39.9039,116.45465,2007-08-02 04:47:55
150,39.97805,116.34115,2007-08-02 15:33:01
150,39.9780166666667,116.340916666667,2007-08-02 15:33:26
150,39.9782,116.341016666667,2007-08-02 15:34:29
150,39.978,116.3409,2007-08-02 15:34:51
150,39.9780333333333,116.3407,2007-08-02 15:35:54
150,39.9780333333333,116.3405,2007-08-02 15:36:11
150,39.9781166666667,116.340283333333,2007-08-02 15:36:28
150,39.9780833333333,116.340033333333,2007-08-02 15:36:53
150,39.9780666666667,116.339766666667,2007-08-02 15:37:15
150,39.9778666666667,116.339616666667,2007-08-02 15:37:36
150,39.9777166666667,116.3396,2007-08-02 15:37:52
150,39.97755,116.339533333333,2007-08-02 15:38:12
150,39.9773166666667,116.33955,2007-08-02 15:38:38
150,39.9771166666667,116.339533333333,2007-08-02 15:39:22
150,39.9769666666667,116.339316666667,2007-08-02 15:39:48
150,39.9768166666667,116.339233333333,2007-08-02 15:40:02
150,39.9766,116.339233333333,2007-08-02 15:40:18
150,39.9767,116.339,2007-08-02 15:40:44
150,39.9767833333333,116.3383,2007-08-02 15:41:17
150,39.9766166666667,116.338383333333,2007-08-02 15:41:19
150,39.9766666666667,116.338133333333,2007-08-02 15:41:48
150,39.9767166666667,116.33795,2007-08-02 15:42:04
150,39.97675,116.33765,2007-08-02 15:42:36
150,39.9765,116.33765,2007-08-02 15:45:48
150,39.9766333333333,116.337716666667,2007-08-02 15:46:00
150,39.97665,116.337516666667,2007-08-02 15:46:14
150,39.9759333333333,116.33735,2007-08-02 23:53:16
150,39.9767666666667,116.339633333333,2007-08-02 23:53:26
150,39.9769333333333,116.339766666667,2007-08-02 23:53:44
150,39.9771833333333,116.339733333333,2007-08-02 23:54:05
150,39.9773666666667,116.33965,2007-08-02 23:54:26
150,39.9776,116.339583333333,2007-08-02 23:54:47
150,39.97775,116.339533333333,2007-08-02 23:55:01
150,39.9779166666667,116.339533333333,2007-08-02 23:55:17
150,39.9779666666667,116.34015,2007-08-02 23:56:07
150,39.978,116.340366666667,2007-08-02 23:56:28
150,39.9779833333333,116.341466666667,2007-08-02 23:58:06
150,39.9779833333333,116.3417,2007-08-02 23:58:22
150,39.9778166666667,116.341733333333,2007-08-02 23:58:40
150,39.9776166666667,116.3418,2007-08-02 23:59:05
150,39.9776,116.341516666667,2007-08-02 23:59:29
150,39.97765,116.341783333333,2007-08-03 00:06:01
150,39.9779166666667,116.341916666667,2007-08-03 00:06:40
150,39.97815,116.3419,2007-08-03 00:07:06
150,39.9783166666667,116.341883333333,2007-08-03 00:07:24
150,39.97855,116.341866666667,2007-08-03 00:07:48
150,39.9787833333333,116.34185,2007-08-03 00:08:11
150,39.9791166666667,116.34185,2007-08-03 00:08:42
150,39.9793166666667,116.341833333333,2007-08-03 00:08:58
150,39.9795666666667,116.341833333333,2007-08-03 00:09:19
150,39.9798,116.341816666667,2007-08-03 00:09:39
150,39.9800333333333,116.341783333333,2007-08-03 00:09:59
150,39.9801833333333,116.3417,2007-08-03 00:10:20
150,39.9804,116.341633333333,2007-08-03 00:10:48
150,39.9805333333333,116.3416,2007-08-03 00:10:59
150,39.9807,116.341616666667,2007-08-03 00:11:11
150,39.9809166666667,116.3416,2007-08-03 00:11:29
150,39.9811333333333,116.341616666667,2007-08-03 00:11:48
150,39.9812666666667,116.3416,2007-08-03 00:12:01
150,39.98145,116.341616666667,2007-08-03 00:12:19
150,39.9803333333333,116.340416666667,2007-08-03 04:11:30
150,39.9803166666667,116.340616666667,2007-08-03 04:11:47
150,39.98015,116.340783333333,2007-08-03 04:12:02
150,39.97995,116.340833333333,2007-08-03 04:12:21
150,39.9798833333333,116.3411,2007-08-03 04:12:39
150,39.97985,116.34135,2007-08-03 04:12:55
150,39.9798166666667,116.3424,2007-08-03 04:13:58
150,39.9799,116.343016666667,2007-08-03 04:14:34
150,39.9799333333333,116.3433,2007-08-03 04:14:50
150,39.97995,116.343783333333,2007-08-03 04:15:16
150,39.9798333333333,116.343983333333,2007-08-03 04:15:30
150,39.9796166666667,116.344033333333,2007-08-03 04:15:50
150,39.9794,116.3441,2007-08-03 04:16:14
150,39.97915,116.34415,2007-08-03 04:16:39
150,39.9789833333333,116.344233333333,2007-08-03 04:16:55
150,39.9789666666667,116.344366666667,2007-08-03 04:17:09
150,39.9769,116.34695,2007-08-03 08:38:03
150,39.9765,116.346933333333,2007-08-03 08:38:39
150,39.9764666666667,116.347116666667,2007-08-03 08:38:53
150,39.9763,116.347183333333,2007-08-03 08:39:10
150,39.9758833333333,116.346983333333,2007-08-03 08:39:33
150,39.9734833333333,116.346566666667,2007-08-03 08:40:05
150,39.97305,116.34645,2007-08-03 08:40:09
150,39.9728333333333,116.3464,2007-08-03 08:40:18
150,39.97245,116.34625,2007-08-03 08:40:24
150,39.97555,116.34705,2007-08-03 08:40:29
150,39.9754,116.347,2007-08-03 08:41:22
150,39.97525,116.346866666667,2007-08-03 08:41:34
150,39.975,116.346666666667,2007-08-03 08:41:53
150,39.9747666666667,116.3466,2007-08-03 08:42:09
150,39.9745333333333,116.34655,2007-08-03 08:42:25
150,39.9743666666667,116.346533333333,2007-08-03 08:42:35
150,39.9742,116.346533333333,2007-08-03 08:42:45
150,39.9738166666667,116.3465,2007-08-03 08:43:13
150,39.9735666666667,116.346466666667,2007-08-03 08:43:29
150,39.9734166666667,116.34645,2007-08-03 08:43:40
150,39.9732666666667,116.346516666667,2007-08-03 08:44:52
150,39.973,116.346666666667,2007-08-03 08:47:51
150,39.9715666666667,116.3467,2007-08-03 08:48:14
150,39.9711833333333,116.3465,2007-08-03 08:48:35
150,39.9707,116.346583333333,2007-08-03 08:48:47
150,39.97045,116.34665,2007-08-03 08:48:56
150,39.9698666666667,116.346733333333,2007-08-03 08:49:08
150,39.96895,116.346816666667,2007-08-03 08:49:21
150,39.9681166666667,116.346966666667,2007-08-03 08:49:31
150,39.9652666666667,116.3472,2007-08-03 08:50:00
150,39.9645666666667,116.347066666667,2007-08-03 08:50:09
150,39.9638666666667,116.34685,2007-08-03 08:50:17
150,39.9632,116.346866666667,2007-08-03 08:50:27
150,39.9587,116.347466666667,2007-08-03 08:52:07
150,39.9584166666667,116.347533333333,2007-08-03 08:52:11
150,39.95805,116.347633333333,2007-08-03 08:52:17
150,39.9569166666667,116.348366666667,2007-08-03 08:52:34
150,39.95675,116.348666666667,2007-08-03 08:53:00
150,39.9567166666667,116.348983333333,2007-08-03 08:53:18
150,39.95665,116.349366666667,2007-08-03 08:53:30
150,39.9566166666667,116.350266666667,2007-08-03 08:53:40
150,39.9559333333333,116.3622,2007-08-03 08:57:55
150,39.9568666666667,116.361916666667,2007-08-03 08:58:02
150,39.9567,116.36195,2007-08-03 08:58:13
150,39.95665,116.3621,2007-08-03 08:58:27
150,39.9566166666667,116.362266666667,2007-08-03 08:58:55
150,39.9566666666667,116.36245,2007-08-03 08:59:13
150,39.95675,116.362083333333,2007-08-03 08:59:40
150,39.9568666666667,116.361766666667,2007-08-03 09:00:00
150,39.9569,116.361516666667,2007-08-03 09:00:18
150,39.9569333333333,116.3613,2007-08-03 09:00:46
150,39.9568333333333,116.361616666667,2007-08-03 09:01:26
150,39.9567833333333,116.3618,2007-08-03 09:01:53
150,39.95675,116.36235,2007-08-03 09:02:38
150,39.9567,116.362666666667,2007-08-03 09:02:58
150,39.9567166666667,116.362933333333,2007-08-03 09:03:16
150,39.95665,116.3633,2007-08-03 09:03:41
150,39.9566333333333,116.363583333333,2007-08-03 09:03:59
150,39.9566833333333,116.363766666667,2007-08-03 09:04:10
150,39.95665,116.364,2007-08-03 09:04:27
150,39.9565666666667,116.364216666667,2007-08-03 09:04:53
150,39.9564333333333,116.364383333333,2007-08-03 09:05:29
150,39.9564333333333,116.364533333333,2007-08-03 09:06:03
150,39.9564333333333,116.36475,2007-08-03 09:07:21
150,39.9564333333333,116.365,2007-08-03 09:07:39
150,39.9563833333333,116.365733333333,2007-08-03 09:08:44
150,39.9564166666667,116.36615,2007-08-03 09:09:23
150,39.9564833333333,116.36635,2007-08-03 09:09:40
150,39.9565666666667,116.366566666667,2007-08-03 09:10:03
150,39.9566333333333,116.366766666667,2007-08-03 09:10:25
150,39.9566666666667,116.366983333333,2007-08-03 09:10:44
150,39.9566666666667,116.367183333333,2007-08-03 09:11:00
150,39.9564166666667,116.367883333333,2007-08-03 09:48:11
150,39.9564666666667,116.368083333333,2007-08-03 09:49:22
150,39.9565,116.368316666667,2007-08-03 09:49:44
150,39.9565666666667,116.368533333333,2007-08-03 09:50:07
150,39.9566333333333,116.368733333333,2007-08-03 09:50:27
150,39.9567333333333,116.369033333333,2007-08-03 09:50:51
150,39.9565833333333,116.3691,2007-08-03 09:51:20
150,39.9561,116.369133333333,2007-08-03 09:51:55
150,39.9558666666667,116.36915,2007-08-03 09:52:14
150,39.9557666666667,116.369233333333,2007-08-03 09:52:36
150,39.9557166666667,116.3694,2007-08-03 09:53:06
150,39.95555,116.369616666667,2007-08-03 09:53:36
150,39.95555,116.369883333333,2007-08-03 09:53:58
150,39.95535,116.3699,2007-08-03 09:54:23
150,39.9552333333333,116.369983333333,2007-08-03 09:58:09
150,39.9553666666667,116.37,2007-08-03 09:58:46
150,39.9555,116.36975,2007-08-03 09:59:11
150,39.9556166666667,116.369633333333,2007-08-03 09:59:30
150,39.9556333333333,116.369433333333,2007-08-03 09:59:50
150,39.9559333333333,116.369366666667,2007-08-03 10:00:40
150,39.9560666666667,116.369233333333,2007-08-03 10:01:22
150,39.9562166666667,116.369283333333,2007-08-03 10:01:38
150,39.95635,116.369316666667,2007-08-03 10:02:16
150,39.9564833333333,116.369216666667,2007-08-03 10:02:55
150,39.9566,116.369066666667,2007-08-03 10:03:09
150,39.9567833333333,116.36895,2007-08-03 10:03:27
150,39.9568,116.368716666667,2007-08-03 10:03:53
150,39.95675,116.3685,2007-08-03 10:04:16
150,39.95675,116.3683,2007-08-03 10:04:38
150,39.9567,116.3681,2007-08-03 10:04:54
150,39.95675,116.367883333333,2007-08-03 10:05:13
150,39.9566333333333,116.36755,2007-08-03 10:05:46
150,39.9565833333333,116.367333333333,2007-08-03 10:06:11
150,39.9565666666667,116.367066666667,2007-08-03 10:06:36
150,39.9564666666667,116.3665,2007-08-03 10:07:24
150,39.9564333333333,116.366183333333,2007-08-03 10:07:50
150,39.9564666666667,116.365966666667,2007-08-03 10:08:11
150,39.9565,116.365633333333,2007-08-03 10:08:42
150,39.9565333333333,116.365416666667,2007-08-03 10:09:17
150,39.9563333333333,116.365183333333,2007-08-03 10:09:57
150,39.9561166666667,116.365166666667,2007-08-03 10:10:28
150,39.9559666666667,116.365116666667,2007-08-03 10:10:52
150,39.9557833333333,116.365083333333,2007-08-03 10:11:17
150,39.9556,116.365033333333,2007-08-03 10:12:16
150,39.9556166666667,116.365316666667,2007-08-03 10:15:29
150,39.9557666666667,116.365666666667,2007-08-03 10:15:44
150,39.9559333333333,116.365916666667,2007-08-03 10:15:57
150,39.95625,116.3659,2007-08-03 10:16:07
150,39.95895,116.36415,2007-08-03 10:17:04
150,39.9595,116.3637,2007-08-03 10:17:12
150,39.9592666666667,116.363633333333,2007-08-03 10:25:10
150,39.9754,116.354016666667,2007-08-03 10:25:12
150,39.9754666666667,116.353816666667,2007-08-03 10:25:53
150,39.9754666666667,116.35365,2007-08-03 10:26:13
150,39.9753666666667,116.353416666667,2007-08-03 10:26:48
150,39.9753833333333,116.3532,2007-08-03 10:27:10
150,39.9754166666667,116.352966666667,2007-08-03 10:27:33
150,39.9753833333333,116.352783333333,2007-08-03 10:27:47
150,39.9753333333333,116.3526,2007-08-03 10:28:22
150,39.9753333333333,116.352333333333,2007-08-03 10:28:41
150,39.9753833333333,116.352116666667,2007-08-03 10:29:05
150,39.9754166666667,116.351883333333,2007-08-03 10:29:27
150,39.9754,116.35165,2007-08-03 10:29:48
150,39.9754333333333,116.35145,2007-08-03 10:30:10
150,39.97535,116.35115,2007-08-03 10:30:42
150,39.9753833333333,116.350883333333,2007-08-03 10:30:57
150,39.9754166666667,116.3506,2007-08-03 10:31:15
150,39.9753333333333,116.35035,2007-08-03 10:31:46
150,39.9753166666667,116.350066666667,2007-08-03 10:32:11
150,39.9753666666667,116.349616666667,2007-08-03 10:32:43
150,39.9753666666667,116.349366666667,2007-08-03 10:33:05
150,39.9753666666667,116.348933333333,2007-08-03 10:33:40
150,39.9753666666667,116.348633333333,2007-08-03 10:34:04
150,39.9753666666667,116.348366666667,2007-08-03 10:34:39
150,39.97535,116.348083333333,2007-08-03 10:35:11
150,39.9752666666667,116.347933333333,2007-08-03 10:35:37
150,39.9753666666667,116.34775,2007-08-03 10:35:59
150,39.9756833333333,116.347716666667,2007-08-03 10:36:34
150,39.9758833333333,116.347716666667,2007-08-03 10:37:07
150,39.9760166666667,116.347633333333,2007-08-03 10:37:32
150,39.9761833333333,116.347583333333,2007-08-03 10:38:05
150,39.9763333333333,116.347483333333,2007-08-03 10:38:40
150,39.9764166666667,116.347333333333,2007-08-03 10:41:13
150,39.9766,116.3474,2007-08-03 10:41:53
150,39.9767666666667,116.347383333333,2007-08-03 10:42:12
150,39.9769333333333,116.3474,2007-08-03 10:42:36
150,39.9770666666667,116.347416666667,2007-08-03 10:42:54
150,39.9773333333333,116.347433333333,2007-08-03 10:43:24
150,39.9774833333333,116.3474,2007-08-03 10:43:42
150,39.9776166666667,116.347333333333,2007-08-03 10:44:06
150,39.97785,116.34745,2007-08-03 10:44:39
150,39.9781,116.347433333333,2007-08-03 10:45:05
150,39.9783,116.347433333333,2007-08-03 10:45:25
150,39.97845,116.347416666667,2007-08-03 10:45:55
150,39.9785,116.347566666667,2007-08-03 10:47:11
150,39.9784,116.347633333333,2007-08-03 10:47:57
150,39.9782666666667,116.347716666667,2007-08-03 10:48:10
150,39.9783833333333,116.34785,2007-08-03 10:48:34
150,39.9793333333333,116.3462,2007-08-03 10:50:10
150,39.97935,116.346433333333,2007-08-03 10:50:15
150,39.9792666666667,116.3462,2007-08-03 10:50:27
150,39.979,116.345866666667,2007-08-03 10:50:36
150,39.9788666666667,116.345683333333,2007-08-03 10:50:43
150,39.9789333333333,116.345483333333,2007-08-03 10:50:59
150,39.9790833333333,116.3453,2007-08-03 10:51:11
150,39.979,116.345233333333,2007-08-03 10:51:44
150,39.9788666666667,116.34635,2007-08-03 10:52:17
150,39.97845,116.346733333333,2007-08-03 10:52:23
150,39.9782833333333,116.346816666667,2007-08-03 10:52:25
150,39.9785166666667,116.346516666667,2007-08-03 10:52:31
150,39.9786666666667,116.346383333333,2007-08-03 12:34:25
150,39.9787,116.34505,2007-08-03 12:34:27
150,39.9787333333333,116.344683333333,2007-08-03 12:34:36
150,39.9786333333333,116.344883333333,2007-08-03 12:34:56
150,39.9785333333333,116.344716666667,2007-08-03 12:35:00
150,39.9782333333333,116.34445,2007-08-03 12:35:12
150,39.9780666666667,116.344233333333,2007-08-03 12:35:18
150,39.9779,116.344083333333,2007-08-03 12:35:30
150,39.9772833333333,116.344266666667,2007-08-03 12:36:22
150,39.9787,116.343383333333,2007-08-03 12:36:29
150,39.9790833333333,116.343016666667,2007-08-03 12:36:34
150,39.9792166666667,116.34285,2007-08-03 12:36:40
150,39.9793333333333,116.342716666667,2007-08-03 12:36:45
150,39.9792833333333,116.3425,2007-08-03 12:37:05
150,39.9789833333333,116.342533333333,2007-08-03 12:37:12
150,39.97875,116.342583333333,2007-08-03 12:37:15
150,39.9785166666667,116.342633333333,2007-08-03 12:37:21
150,39.9782166666667,116.34265,2007-08-03 12:37:30
150,39.9781666666667,116.342433333333,2007-08-03 12:37:54
150,39.9781,116.341983333333,2007-08-03 12:38:19
150,39.9781666666667,116.3418,2007-08-03 12:38:40
150,39.9776,116.34205,2007-08-03 12:41:53
150,39.9777333333333,116.342266666667,2007-08-03 12:41:56
150,39.9781666666667,116.3417,2007-08-03 12:42:04
150,39.97815,116.341883333333,2007-08-03 12:43:50
150,39.9781166666667,116.341616666667,2007-08-03 12:46:05
150,39.9780666666667,116.3413,2007-08-03 12:46:34
150,39.9780833333333,116.340783333333,2007-08-03 12:47:28
150,39.9779666666667,116.340583333333,2007-08-03 12:47:53
150,39.9779833333333,116.340266666667,2007-08-03 12:48:20
150,39.978,116.339983333333,2007-08-03 12:48:45
150,39.9779833333333,116.3397,2007-08-03 12:49:08
150,39.9778333333333,116.339683333333,2007-08-03 12:49:26
150,39.9776833333333,116.339633333333,2007-08-03 12:49:44
150,39.97745,116.339633333333,2007-08-03 12:50:10
150,39.9773166666667,116.339716666667,2007-08-03 12:50:32
150,39.9771666666667,116.3397,2007-08-03 12:50:52
150,39.9770166666667,116.339616666667,2007-08-03 12:51:09
150,39.9769166666667,116.339466666667,2007-08-03 12:51:27
150,39.9767333333333,116.339416666667,2007-08-03 12:51:45
150,39.9758833333333,116.33975,2007-08-03 12:52:50
150,39.9755666666667,116.338666666667,2007-08-03 12:52:56
150,39.9754,116.338516666667,2007-08-03 12:53:02
150,39.9752666666667,116.338533333333,2007-08-03 12:53:23
150,39.9750333333333,116.3385,2007-08-03 12:53:47
150,39.97495,116.338683333333,2007-08-03 12:54:21
150,39.97495,116.338466666667,2007-08-03 12:54:56
150,39.9749666666667,116.33815,2007-08-03 12:55:20
150,39.9750666666667,116.338083333333,2007-08-03 12:55:41
150,39.9752833333333,116.3381,2007-08-03 12:56:50
150,39.9754166666667,116.3381,2007-08-03 12:58:44
150,39.9755166666667,116.33805,2007-08-03 12:59:32
150,39.9753666666667,116.33795,2007-08-03 13:08:12
150,39.9730666666667,116.3465,2007-08-03 13:10:44
150,39.9645666666667,116.34715,2007-08-03 13:11:45
150,39.9638666666667,116.346883333333,2007-08-03 13:11:49
150,39.9583166666667,116.347366666667,2007-08-03 13:12:27
150,39.9572833333333,116.347866666667,2007-08-03 13:12:40
150,39.9571666666667,116.347966666667,2007-08-03 13:12:43
150,39.9568333333333,116.348216666667,2007-08-03 13:13:41
150,39.9567,116.3483,2007-08-03 13:13:53
150,39.9565166666667,116.348466666667,2007-08-03 13:14:02
150,39.9565833333333,116.349066666667,2007-08-03 13:14:34
150,39.9564833333333,116.351166666667,2007-08-03 13:14:52
150,39.9565166666667,116.354133333333,2007-08-03 13:15:15
150,39.9565833333333,116.35465,2007-08-03 13:15:21
150,39.9566,116.355383333333,2007-08-03 13:15:29
150,39.9553,116.359483333333,2007-08-03 13:16:41
150,39.9564166666667,116.364666666667,2007-08-03 13:16:43
150,39.9564666666667,116.368966666667,2007-08-03 13:17:33
150,39.9562666666667,116.369116666667,2007-08-03 13:17:39
150,39.9554833333333,116.36925,2007-08-03 13:18:16
150,39.9556,116.36935,2007-08-03 13:18:36
150,39.9555333333333,116.369533333333,2007-08-03 13:19:44
150,39.9554,116.369666666667,2007-08-03 13:20:14
150,39.9553666666667,116.369766666667,2007-08-03 13:20:33
150,39.9555,116.36985,2007-08-03 13:22:16
150,39.9553833333333,116.369983333333,2007-08-03 13:26:57
150,39.9555833333333,116.369833333333,2007-08-03 13:42:13
150,39.95545,116.369633333333,2007-08-03 13:42:24
150,39.9556333333333,116.36945,2007-08-03 13:42:35
150,39.9556333333333,116.369183333333,2007-08-03 13:42:54
150,39.95595,116.369133333333,2007-08-03 13:43:09
150,39.9561333333333,116.36915,2007-08-03 13:43:20
150,39.9564833333333,116.369166666667,2007-08-03 13:43:44
150,39.9567333333333,116.369083333333,2007-08-03 13:43:56
150,39.9568,116.368716666667,2007-08-03 13:44:17
150,39.9567833333333,116.3676,2007-08-03 13:45:18
150,39.9567166666667,116.367233333333,2007-08-03 13:45:40
150,39.95665,116.367016666667,2007-08-03 13:45:52
150,39.9566166666667,116.36665,2007-08-03 13:46:12
150,39.9566333333333,116.366,2007-08-03 13:46:37
150,39.9566833333333,116.364983333333,2007-08-03 13:47:03
150,39.9566833333333,116.36475,2007-08-03 13:47:16
150,39.9566833333333,116.364466666667,2007-08-03 13:47:33
150,39.9566166666667,116.364266666667,2007-08-03 13:47:47
150,39.9566166666667,116.364016666667,2007-08-03 13:48:08
150,39.9567166666667,116.3638,2007-08-03 13:48:21
150,39.95675,116.363583333333,2007-08-03 13:48:32
150,39.9569,116.363366666667,2007-08-03 13:48:45
150,39.9571,116.3633,2007-08-03 13:48:52
150,39.9572333333333,116.363083333333,2007-08-03 13:49:06
150,39.9571333333333,116.362883333333,2007-08-03 13:49:44
150,39.9570333333333,116.362766666667,2007-08-03 13:50:09
150,39.9569333333333,116.362683333333,2007-08-03 13:51:03
150,39.9568333333333,116.362566666667,2007-08-03 13:51:27
150,39.95675,116.362433333333,2007-08-03 13:53:09
150,39.9567,116.36095,2007-08-03 13:53:34
150,39.9565833333333,116.352766666667,2007-08-03 13:55:03
150,39.95665,116.352466666667,2007-08-03 13:55:27
150,39.9566166666667,116.350816666667,2007-08-03 13:55:49
150,39.9566666666667,116.349266666667,2007-08-03 13:56:07
150,39.9574,116.34915,2007-08-03 13:56:20
150,39.9580166666667,116.3491,2007-08-03 13:56:50
150,39.95875,116.349033333333,2007-08-03 13:57:00
150,39.9638333333333,116.348733333333,2007-08-03 13:57:48
150,39.96435,116.348783333333,2007-08-03 13:57:57
150,39.9651666666667,116.34875,2007-08-03 13:58:08
150,39.9665666666667,116.348616666667,2007-08-03 13:58:50
150,39.96695,116.3486,2007-08-03 13:59:03
150,39.9672333333333,116.3486,2007-08-03 13:59:09
150,39.9707666666667,116.348433333333,2007-08-03 13:59:56
150,39.97095,116.348466666667,2007-08-03 14:00:10
150,39.9712,116.348416666667,2007-08-03 14:00:18
150,39.9728,116.34825,2007-08-03 14:00:40
150,39.9732833333333,116.348266666667,2007-08-03 14:00:45
150,39.97465,116.348166666667,2007-08-03 14:01:00
150,39.9751166666667,116.34815,2007-08-03 14:01:31
150,39.9752666666667,116.347883333333,2007-08-03 14:01:36
150,39.9751833333333,116.339766666667,2007-08-03 14:02:48
150,39.97535,116.338333333333,2007-08-03 14:04:28
150,39.97535,116.338533333333,2007-08-03 14:04:57
150,39.9755333333333,116.33855,2007-08-03 14:05:17
150,39.97565,116.338366666667,2007-08-03 14:05:47
150,39.9758,116.33825,2007-08-03 14:06:03
150,39.97595,116.3381,2007-08-03 14:06:17
150,39.9761166666667,116.338,2007-08-03 14:06:35
150,39.9763666666667,116.3379,2007-08-03 14:06:57
150,39.9765166666667,116.33795,2007-08-03 14:07:18
150,39.9766666666667,116.33795,2007-08-03 14:07:28
150,39.9799333333333,116.344266666667,2007-08-04 04:01:03
150,39.9799,116.34385,2007-08-04 04:01:35
150,39.9799666666667,116.34365,2007-08-04 04:01:49
150,39.9799666666667,116.343416666667,2007-08-04 04:02:10
150,39.97995,116.34265,2007-08-04 04:03:04
150,39.9799166666667,116.342316666667,2007-08-04 04:03:25
150,39.9799166666667,116.342033333333,2007-08-04 04:03:44
150,39.9798666666667,116.341516666667,2007-08-04 04:04:21
150,39.97985,116.3409,2007-08-04 04:05:03
150,39.9798333333333,116.34035,2007-08-04 04:05:45
150,39.9798166666667,116.339833333333,2007-08-04 04:06:19
150,39.9798166666667,116.339533333333,2007-08-04 04:06:39
150,39.9798166666667,116.339333333333,2007-08-04 04:06:53
150,39.9799833333333,116.339216666667,2007-08-04 04:07:17
150,39.9801833333333,116.339233333333,2007-08-04 04:07:34
150,39.9803166666667,116.33915,2007-08-04 04:07:49
150,39.9805666666667,116.339,2007-08-04 04:08:09
150,39.9807,116.339066666667,2007-08-04 04:08:36
150,39.9799833333333,116.3423,2007-08-04 04:33:14
150,39.98005,116.3425,2007-08-04 04:33:29
150,39.9800166666667,116.342816666667,2007-08-04 04:33:50
150,39.98,116.343083333333,2007-08-04 04:34:09
150,39.9800166666667,116.3433,2007-08-04 04:34:24
150,39.97995,116.343716666667,2007-08-04 04:34:56
150,39.9798333333333,116.343966666667,2007-08-04 04:35:16
150,39.9795666666667,116.344,2007-08-04 04:35:39
150,39.9794166666667,116.344016666667,2007-08-04 04:35:56
150,39.9791666666667,116.344083333333,2007-08-04 04:36:29
150,39.9794666666667,116.344133333333,2007-08-04 04:37:09
150,39.9796166666667,116.344166666667,2007-08-04 04:37:24
150,39.9795333333333,116.346583333333,2007-08-04 07:08:27
150,39.9796333333333,116.346466666667,2007-08-04 07:08:33
150,39.97975,116.34705,2007-08-04 07:09:56
150,39.9796833333333,116.3473,2007-08-04 07:09:59
150,39.9798333333333,116.346816666667,2007-08-04 07:10:09
150,39.9796833333333,116.346916666667,2007-08-04 07:10:21
150,39.9793666666667,116.346883333333,2007-08-04 07:10:55
150,39.9791666666667,116.346866666667,2007-08-04 07:11:11
150,39.9789333333333,116.3469,2007-08-04 07:11:29
150,39.9787666666667,116.347033333333,2007-08-04 07:11:44
150,39.9786666666667,116.347333333333,2007-08-04 07:12:00
150,39.9783166666667,116.347366666667,2007-08-04 07:12:29
150,39.9781333333333,116.347333333333,2007-08-04 07:12:47
150,39.9778333333333,116.34725,2007-08-04 07:13:18
150,39.9776,116.347283333333,2007-08-04 07:13:37
150,39.9774333333333,116.347266666667,2007-08-04 07:13:48
150,39.9772166666667,116.347316666667,2007-08-04 07:14:05
150,39.9769833333333,116.3473,2007-08-04 07:14:22
150,39.9767166666667,116.34735,2007-08-04 07:14:41
150,39.9764166666667,116.34735,2007-08-04 07:15:07
150,39.9761166666667,116.347283333333,2007-08-04 07:15:33
150,39.9758666666667,116.347216666667,2007-08-04 07:15:50
150,39.9756333333333,116.347183333333,2007-08-04 07:16:06
150,39.97545,116.3471,2007-08-04 07:16:21
150,39.9752333333333,116.347,2007-08-04 07:16:35
150,39.9748,116.346766666667,2007-08-04 07:17:09
150,39.9745666666667,116.346683333333,2007-08-04 07:17:27
150,39.9743166666667,116.3466,2007-08-04 07:17:47
150,39.97405,116.346583333333,2007-08-04 07:18:08
150,39.9738166666667,116.34655,2007-08-04 07:18:29
150,39.9736166666667,116.34655,2007-08-04 07:18:52
150,39.9734,116.346583333333,2007-08-04 07:20:08
150,39.9730166666667,116.346666666667,2007-08-04 07:21:57
150,39.9715333333333,116.34675,2007-08-04 07:22:20
150,39.9712833333333,116.346733333333,2007-08-04 07:22:34
150,39.9709166666667,116.3468,2007-08-04 07:22:47
150,39.9705333333333,116.347033333333,2007-08-04 07:22:50
150,39.9700333333333,116.3471,2007-08-04 07:22:58
150,39.9685833333333,116.347183333333,2007-08-04 07:23:14
150,39.9671666666667,116.347366666667,2007-08-04 07:23:28
150,39.9652833333333,116.347333333333,2007-08-04 07:23:53
150,39.9646,116.3472,2007-08-04 07:24:02
150,39.9639833333333,116.346983333333,2007-08-04 07:24:12
150,39.9635833333333,116.346983333333,2007-08-04 07:24:20
150,39.9632166666667,116.346966666667,2007-08-04 07:24:44
150,39.9623333333333,116.347033333333,2007-08-04 07:25:08
150,39.9601166666667,116.347166666667,2007-08-04 07:25:33
150,39.9595166666667,116.34715,2007-08-04 07:25:41
150,39.9592666666667,116.347183333333,2007-08-04 07:25:51
150,39.9589166666667,116.3473,2007-08-04 07:25:58
150,39.9579833333333,116.347666666667,2007-08-04 07:26:11
150,39.9570666666667,116.34825,2007-08-04 07:26:23
150,39.9568,116.34845,2007-08-04 07:26:40
150,39.9565666666667,116.349466666667,2007-08-04 07:26:51
150,39.9566,116.352283333333,2007-08-04 07:27:20
150,39.9567333333333,116.360666666667,2007-08-04 07:29:26
150,39.9566,116.361533333333,2007-08-04 07:29:33
150,39.9565833333333,116.361666666667,2007-08-04 07:29:55
150,39.95645,116.3616,2007-08-04 07:30:13
150,39.9565166666667,116.36135,2007-08-04 07:30:57
150,39.9565166666667,116.361166666667,2007-08-04 07:31:15
150,39.9565,116.360966666667,2007-08-04 07:31:35
150,39.9565,116.360783333333,2007-08-04 07:31:51
150,39.9567,116.360733333333,2007-08-04 07:32:09
150,39.9569,116.36075,2007-08-04 07:32:26
150,39.9572166666667,116.360716666667,2007-08-04 07:32:54
150,39.9576166666667,116.360716666667,2007-08-04 07:33:28
150,39.95775,116.360716666667,2007-08-04 07:33:41
150,39.9579666666667,116.3607,2007-08-04 07:34:07
150,39.9581333333333,116.360666666667,2007-08-04 07:34:24
150,39.9584333333333,116.360583333333,2007-08-04 07:34:48
150,39.9584833333333,116.360366666667,2007-08-04 07:35:00
150,39.9585166666667,116.360166666667,2007-08-04 07:35:13
150,39.9585833333333,116.359816666667,2007-08-04 07:35:35
150,39.9585833333333,116.35945,2007-08-04 07:35:54
150,39.9587166666667,116.359183333333,2007-08-04 07:36:13
150,39.9588333333333,116.3589,2007-08-04 07:36:39
150,39.9588833333333,116.3587,2007-08-04 07:36:56
150,39.9589333333333,116.35835,2007-08-04 07:37:37
150,39.95895,116.3576,2007-08-04 07:38:25
150,39.9592333333333,116.35755,2007-08-04 07:38:55
150,39.9593666666667,116.35755,2007-08-04 07:39:08
150,39.95985,116.357216666667,2007-08-04 07:39:31
150,39.9602833333333,116.357266666667,2007-08-04 07:40:04
150,39.9604833333333,116.357233333333,2007-08-04 07:40:18
150,39.96075,116.35725,2007-08-04 07:40:43
150,39.9608666666667,116.35695,2007-08-04 07:41:13
150,39.9609333333333,116.3568,2007-08-04 07:41:25
150,39.9610666666667,116.356816666667,2007-08-04 07:41:39
150,39.9612333333333,116.356716666667,2007-08-04 07:41:55
150,39.9613333333333,116.35655,2007-08-04 07:42:06
150,39.9613833333333,116.35635,2007-08-04 07:42:22
150,39.96125,116.3581,2007-08-04 07:50:38
150,39.96105,116.358433333333,2007-08-04 07:51:17
150,39.961,116.3586,2007-08-04 07:51:34
150,39.9612166666667,116.35875,2007-08-04 07:51:50
150,39.9613333333333,116.35895,2007-08-04 07:52:15
150,39.9613,116.359233333333,2007-08-04 07:52:40
150,39.9612833333333,116.359533333333,2007-08-04 07:53:06
150,39.9612833333333,116.359766666667,2007-08-04 07:53:32
150,39.9611333333333,116.35985,2007-08-04 07:53:58
150,39.9610166666667,116.359916666667,2007-08-04 07:54:22
150,39.9608333333333,116.359933333333,2007-08-04 07:54:53
150,39.9605,116.35995,2007-08-04 07:55:23
150,39.9603833333333,116.35995,2007-08-04 07:55:46
150,39.9602166666667,116.359983333333,2007-08-04 07:56:09
150,39.9600333333333,116.359966666667,2007-08-04 07:56:32
150,39.9599,116.359983333333,2007-08-04 07:56:53
150,39.9596333333333,116.360033333333,2007-08-04 07:57:20
150,39.9595,116.360033333333,2007-08-04 07:57:33
150,39.95885,116.360116666667,2007-08-04 07:58:29
150,39.9587166666667,116.360066666667,2007-08-04 07:58:49
150,39.9584666666667,116.36015,2007-08-04 07:59:10
150,39.9582666666667,116.3602,2007-08-04 07:59:19
150,39.9581,116.360266666667,2007-08-04 07:59:35
150,39.9577166666667,116.3603,2007-08-04 08:00:13
150,39.9574833333333,116.360283333333,2007-08-04 08:00:35
150,39.9572833333333,116.360333333333,2007-08-04 08:00:54
150,39.9570833333333,116.36035,2007-08-04 08:01:13
150,39.95695,116.36055,2007-08-04 08:01:39
150,39.9569166666667,116.360733333333,2007-08-04 08:01:55
150,39.9568666666667,116.360916666667,2007-08-04 08:02:16
150,39.9568333333333,116.3611,2007-08-04 08:02:31
150,39.95675,116.361283333333,2007-08-04 08:02:57
150,39.9567166666667,116.361533333333,2007-08-04 08:03:20
150,39.9566833333333,116.361766666667,2007-08-04 08:03:33
150,39.9566666666667,116.362033333333,2007-08-04 08:03:45
150,39.9566833333333,116.36225,2007-08-04 08:04:04
150,39.95665,116.362483333333,2007-08-04 08:04:25
150,39.9566166666667,116.36325,2007-08-04 08:05:24
150,39.9565833333333,116.36355,2007-08-04 08:05:46
150,39.9565666666667,116.363816666667,2007-08-04 08:06:09
150,39.9566166666667,116.3641,2007-08-04 08:06:24
150,39.9566333333333,116.364683333333,2007-08-04 08:07:07
150,39.9565166666667,116.36485,2007-08-04 08:07:33
150,39.9563833333333,116.364933333333,2007-08-04 08:07:49
150,39.9563666666667,116.365216666667,2007-08-04 08:08:11
150,39.9563333333333,116.36555,2007-08-04 08:08:39
150,39.9563333333333,116.36585,2007-08-04 08:09:03
150,39.9563166666667,116.366116666667,2007-08-04 08:09:23
150,39.9563166666667,116.36655,2007-08-04 08:09:52
150,39.9563666666667,116.3671,2007-08-04 08:10:37
150,39.9563666666667,116.367466666667,2007-08-04 08:11:03
150,39.95635,116.367666666667,2007-08-04 08:11:18
150,39.95635,116.368,2007-08-04 08:11:43
150,39.9563333333333,116.368466666667,2007-08-04 08:12:14
150,39.95635,116.368683333333,2007-08-04 08:12:32
150,39.9560833333333,116.368783333333,2007-08-04 08:13:00
150,39.9558833333333,116.36885,2007-08-04 08:13:21
150,39.9556166666667,116.369,2007-08-04 08:13:44
150,39.9556,116.369383333333,2007-08-04 08:14:10
150,39.9554833333333,116.3695,2007-08-04 08:14:26
150,39.9554666666667,116.369783333333,2007-08-04 08:14:48
150,39.9553,116.369883333333,2007-08-04 08:15:13
150,39.9552666666667,116.370266666667,2007-08-04 09:24:44
150,39.9559666666667,116.36955,2007-08-04 09:25:05
150,39.9554166666667,116.369683333333,2007-08-04 09:25:12
150,39.9555666666667,116.369616666667,2007-08-04 09:25:38
150,39.9556833333333,116.369733333333,2007-08-04 09:26:02
150,39.95575,116.3699,2007-08-04 09:26:41
150,39.9558,116.370133333333,2007-08-04 09:27:07
150,39.9559,116.3704,2007-08-04 09:27:38
150,39.95595,116.3706,2007-08-04 09:28:00
150,39.9560333333333,116.37095,2007-08-04 09:28:39
150,39.9562,116.371416666667,2007-08-04 09:29:29
150,39.9562833333333,116.37165,2007-08-04 09:30:03
150,39.9563,116.37185,2007-08-04 09:31:10
150,39.9564666666667,116.37165,2007-08-04 09:31:55
150,39.95655,116.371416666667,2007-08-04 09:32:19
150,39.95655,116.371083333333,2007-08-04 09:32:49
150,39.9565166666667,116.3708,2007-08-04 09:33:15
150,39.9565666666667,116.370566666667,2007-08-04 09:33:37
150,39.95665,116.370166666667,2007-08-04 09:34:27
150,39.9567666666667,116.369966666667,2007-08-04 09:34:49
150,39.9568666666667,116.369816666667,2007-08-04 09:35:08
150,39.9569666666667,116.3697,2007-08-04 09:35:23
150,39.9569833333333,116.369433333333,2007-08-04 09:35:59
150,39.9570333333333,116.369133333333,2007-08-04 09:36:41
150,39.95695,116.3687,2007-08-04 09:37:19
150,39.9569166666667,116.368066666667,2007-08-04 09:38:18
150,39.9569,116.367766666667,2007-08-04 09:38:48
150,39.95685,116.36755,2007-08-04 09:39:09
150,39.9568666666667,116.367233333333,2007-08-04 09:39:51
150,39.9569333333333,116.36695,2007-08-04 10:20:19
150,39.9568666666667,116.366683333333,2007-08-04 10:21:07
150,39.9568,116.366883333333,2007-08-04 10:22:54
150,39.9565333333333,116.366916666667,2007-08-04 10:23:37
150,39.95645,116.367566666667,2007-08-04 10:24:57
150,39.9564333333333,116.36785,2007-08-04 10:25:27
150,39.9564333333333,116.369,2007-08-04 10:27:33
150,39.9562833333333,116.369083333333,2007-08-04 10:28:09
150,39.95605,116.36915,2007-08-04 10:28:51
150,39.9558,116.369166666667,2007-08-04 10:29:20
150,39.9556833333333,116.369316666667,2007-08-04 10:29:39
150,39.9556833333333,116.369516666667,2007-08-04 10:30:49
150,39.9555166666667,116.36965,2007-08-04 10:32:17
150,39.9555,116.369833333333,2007-08-04 10:32:45
150,39.9553666666667,116.36985,2007-08-04 10:33:07
150,39.9552166666667,116.37025,2007-08-04 12:29:42
150,39.9553,116.369316666667,2007-08-04 12:30:24
150,39.9554666666667,116.369633333333,2007-08-04 12:30:30
150,39.9556,116.369533333333,2007-08-04 12:30:49
150,39.9555833333333,116.3693,2007-08-04 12:31:04
150,39.9554333333333,116.369716666667,2007-08-04 12:31:22
150,39.9555666666667,116.369566666667,2007-08-04 12:31:30
150,39.9557333333333,116.369433333333,2007-08-04 12:31:40
150,39.9558666666667,116.3693,2007-08-04 12:31:56
150,39.9561333333333,116.369266666667,2007-08-04 12:32:17
150,39.9563333333333,116.369183333333,2007-08-04 12:32:30
150,39.9565333333333,116.36915,2007-08-04 12:32:50
150,39.9566833333333,116.36905,2007-08-04 12:33:06
150,39.9567166666667,116.368566666667,2007-08-04 12:33:36
150,39.9567666666667,116.367983333333,2007-08-04 12:34:14
150,39.9568,116.367616666667,2007-08-04 12:34:44
150,39.9568333333333,116.367333333333,2007-08-04 12:35:07
150,39.95685,116.366416666667,2007-08-04 12:36:15
150,39.9568166666667,116.366,2007-08-04 12:36:37
150,39.9568166666667,116.365183333333,2007-08-04 12:37:25
150,39.957,116.365116666667,2007-08-04 12:37:45
150,39.95715,116.365066666667,2007-08-04 12:38:04
150,39.9573333333333,116.364983333333,2007-08-04 12:38:22
150,39.9574833333333,116.364983333333,2007-08-04 12:38:38
150,39.9577,116.364933333333,2007-08-04 12:38:55
150,39.9578333333333,116.364916666667,2007-08-04 12:39:11
150,39.9580666666667,116.3649,2007-08-04 12:39:35
150,39.9582666666667,116.364916666667,2007-08-04 12:39:54
150,39.95845,116.364916666667,2007-08-04 12:40:11
150,39.9586666666667,116.364883333333,2007-08-04 12:40:27
150,39.9588666666667,116.364833333333,2007-08-04 12:40:41
150,39.95915,116.364816666667,2007-08-04 12:41:02
150,39.9593,116.3647,2007-08-04 12:41:18
150,39.95945,116.364683333333,2007-08-04 12:41:30
150,39.9597,116.364533333333,2007-08-04 12:41:55
150,39.9598333333333,116.364466666667,2007-08-04 12:42:06
150,39.9600166666667,116.364416666667,2007-08-04 12:42:26
150,39.9601333333333,116.36445,2007-08-04 12:43:31
150,39.9660833333333,116.3642,2007-08-04 12:45:05
150,39.9662666666667,116.3642,2007-08-04 12:46:15
150,39.9667166666667,116.364133333333,2007-08-04 12:46:31
150,39.967,116.364733333333,2007-08-04 12:46:33
150,39.9698833333333,116.364466666667,2007-08-04 12:47:11
150,39.9701,116.364466666667,2007-08-04 12:47:27
150,39.9700833333333,116.364233333333,2007-08-04 12:49:39
150,39.9737166666667,116.363616666667,2007-08-04 12:49:41
150,39.9792166666667,116.344316666667,2007-08-04 15:52:39
150,39.979,116.344166666667,2007-08-04 15:52:50
150,39.9788666666667,116.344083333333,2007-08-04 15:52:57
150,39.97865,116.344,2007-08-04 15:53:16
150,39.9783666666667,116.343983333333,2007-08-04 15:53:46
150,39.9779333333333,116.343983333333,2007-08-04 15:54:26
150,39.9776,116.344,2007-08-04 15:54:50
150,39.9775333333333,116.343566666667,2007-08-04 15:55:21
150,39.9776166666667,116.343416666667,2007-08-04 15:55:32
150,39.9777166666667,116.343066666667,2007-08-04 15:56:00
150,39.9777166666667,116.342866666667,2007-08-04 15:56:11
150,39.9778,116.342616666667,2007-08-04 15:56:34
150,39.9778166666667,116.342333333333,2007-08-04 15:56:54
150,39.97785,116.342016666667,2007-08-04 15:57:17
150,39.9779333333333,116.3418,2007-08-04 15:57:31
150,39.9779666666667,116.341516666667,2007-08-04 15:57:51
150,39.9779833333333,116.340833333333,2007-08-04 15:58:37
150,39.978,116.340566666667,2007-08-04 15:58:57
150,39.9779833333333,116.340366666667,2007-08-04 15:59:10
150,39.9779833333333,116.3396,2007-08-04 15:59:58
150,39.97745,116.339566666667,2007-08-04 16:00:45
150,39.9772166666667,116.339566666667,2007-08-04 16:01:10
150,39.9769166666667,116.339366666667,2007-08-04 16:01:51
150,39.9767666666667,116.339383333333,2007-08-04 16:02:05
150,39.97675,116.3392,2007-08-04 16:02:22
150,39.9767833333333,116.338983333333,2007-08-04 16:02:42
150,39.9780833333333,116.338083333333,2007-08-04 16:03:38
150,39.97675,116.337966666667,2007-08-04 16:04:04
150,39.97675,116.3381,2007-08-04 16:04:12
150,39.9777833333333,116.3388,2007-08-05 01:33:30
150,39.9765333333333,116.337116666667,2007-08-05 01:34:29
150,39.9763666666667,116.336866666667,2007-08-05 01:35:00
150,39.9764666666667,116.336983333333,2007-08-05 01:35:16
150,39.9763666666667,116.33675,2007-08-05 01:36:41
150,39.9763166666667,116.3365,2007-08-05 01:36:59
150,39.9769333333333,116.3372,2007-08-05 01:37:12
150,39.9768,116.339233333333,2007-08-05 01:39:58
150,39.9768,116.339383333333,2007-08-05 01:40:07
150,39.9769166666667,116.339566666667,2007-08-05 01:40:26
150,39.9770833333333,116.339566666667,2007-08-05 01:40:42
150,39.9772166666667,116.339466666667,2007-08-05 01:40:59
150,39.9773333333333,116.339533333333,2007-08-05 01:42:05
150,39.9775833333333,116.339533333333,2007-08-05 01:42:30
150,39.9778833333333,116.339516666667,2007-08-05 01:42:57
150,39.978,116.339333333333,2007-08-05 01:43:17
150,39.9779833333333,116.33895,2007-08-05 01:43:49
150,39.9782,116.33885,2007-08-05 01:44:14
150,39.9784333333333,116.338816666667,2007-08-05 01:44:36
150,39.9786166666667,116.338783333333,2007-08-05 01:44:54
150,39.9789166666667,116.33875,2007-08-05 01:45:22
150,39.9790833333333,116.338733333333,2007-08-05 01:45:35
150,39.97925,116.33875,2007-08-05 01:45:49
150,39.9795,116.33875,2007-08-05 01:46:10
150,39.9797,116.33875,2007-08-05 01:46:29
150,39.9798,116.338516666667,2007-08-05 01:46:53
150,39.9798666666667,116.338266666667,2007-08-05 01:47:10
150,39.9800666666667,116.3382,2007-08-05 01:47:25
150,39.9805833333333,116.338183333333,2007-08-05 01:48:05
150,39.9807166666667,116.33815,2007-08-05 01:48:18
150,39.98095,116.33815,2007-08-05 01:48:37
150,39.9812,116.338116666667,2007-08-05 01:48:59
150,39.9813666666667,116.3381,2007-08-05 01:49:14
150,39.9815833333333,116.3381,2007-08-05 01:49:33
150,39.9817,116.33795,2007-08-05 01:49:48
150,39.9817166666667,116.337466666667,2007-08-05 01:50:26
150,39.9818,116.33735,2007-08-05 01:50:37
150,39.9817666666667,116.337216666667,2007-08-05 02:17:08
150,39.98185,116.337466666667,2007-08-05 02:17:43
150,39.98185,116.337733333333,2007-08-05 02:17:59
150,39.9818333333333,116.33795,2007-08-05 02:18:15
150,39.9818166666667,116.338283333333,2007-08-05 02:18:39
150,39.9818333333333,116.3386,2007-08-05 02:19:05
150,39.9818666666667,116.338816666667,2007-08-05 02:19:24
150,39.98185,116.339166666667,2007-08-05 02:19:52
150,39.9818833333333,116.339433333333,2007-08-05 02:20:15
150,39.9819,116.339716666667,2007-08-05 02:20:34
150,39.98195,116.340166666667,2007-08-05 02:21:07
150,39.982,116.34045,2007-08-05 02:21:27
150,39.9819333333333,116.340733333333,2007-08-05 02:21:47
150,39.98195,116.34105,2007-08-05 02:22:05
150,39.9819833333333,116.341466666667,2007-08-05 02:22:34
150,39.9818666666667,116.341616666667,2007-08-05 02:22:46
150,39.9816166666667,116.3417,2007-08-05 02:23:31
150,39.9813333333333,116.341733333333,2007-08-05 02:23:57
150,39.98095,116.341733333333,2007-08-05 02:24:28
150,39.9808,116.34175,2007-08-05 02:24:41
150,39.9806,116.341733333333,2007-08-05 02:24:59
150,39.98045,116.341783333333,2007-08-05 02:25:16
150,39.98015,116.341783333333,2007-08-05 02:25:40
150,39.98005,116.342266666667,2007-08-05 02:26:10
150,39.9800833333333,116.3427,2007-08-05 02:26:37
150,39.9800666666667,116.34315,2007-08-05 02:27:03
150,39.98005,116.343616666667,2007-08-05 02:27:33
150,39.9800333333333,116.344,2007-08-05 02:27:56
150,39.9799833333333,116.34445,2007-08-05 02:28:24
150,39.98,116.344766666667,2007-08-05 02:28:45
150,39.9799666666667,116.345,2007-08-05 02:28:59
150,39.98005,116.345333333333,2007-08-05 02:29:16
150,39.9800833333333,116.34555,2007-08-05 02:29:32
150,39.9798333333333,116.345433333333,2007-08-05 02:30:07
150,39.97975,116.345416666667,2007-08-05 02:30:21
150,39.9793,116.347366666667,2007-08-05 04:03:17
150,39.9794166666667,116.347233333333,2007-08-05 04:03:24
150,39.9798833333333,116.345966666667,2007-08-05 04:03:42
150,39.97995,116.345716666667,2007-08-05 04:03:53
150,39.9800333333333,116.345416666667,2007-08-05 04:04:09
150,39.9801333333333,116.34515,2007-08-05 04:04:24
150,39.9802333333333,116.3447,2007-08-05 04:04:46
150,39.98005,116.344383333333,2007-08-05 04:04:52
150,39.9799833333333,116.34415,2007-08-05 04:05:03
150,39.9799666666667,116.34385,2007-08-05 04:05:21
150,39.9799833333333,116.343483333333,2007-08-05 04:05:49
150,39.9799666666667,116.342466666667,2007-08-05 04:07:05
150,39.9799833333333,116.342016666667,2007-08-05 04:07:36
150,39.98005,116.34185,2007-08-05 04:07:49
150,39.98005,116.341283333333,2007-08-05 04:08:29
150,39.9800166666667,116.34035,2007-08-05 04:09:33
150,39.98005,116.3401,2007-08-05 04:09:49
150,39.9803333333333,116.34,2007-08-05 04:10:17
150,39.98045,116.33905,2007-08-05 04:11:27
150,39.98065,116.338983333333,2007-08-05 04:11:48
150,39.9808,116.338916666667,2007-08-05 04:12:04
150,39.9804666666667,116.338816666667,2007-08-05 04:33:53
150,39.9803,116.338783333333,2007-08-05 04:33:58
150,39.98025,116.339033333333,2007-08-05 04:34:15
150,39.9799666666667,116.33915,2007-08-05 04:34:45
150,39.9798333333333,116.339316666667,2007-08-05 04:35:06
150,39.97985,116.3395,2007-08-05 04:36:27
150,39.9798666666667,116.339766666667,2007-08-05 04:36:48
150,39.9798833333333,116.34105,2007-08-05 04:38:17
150,39.9798833333333,116.341433333333,2007-08-05 04:38:41
150,39.9799,116.341883333333,2007-08-05 04:39:12
150,39.9799,116.342266666667,2007-08-05 04:39:43
150,39.9799166666667,116.342883333333,2007-08-05 04:40:23
150,39.9799666666667,116.343283333333,2007-08-05 04:40:51
150,39.9799833333333,116.34355,2007-08-05 04:41:15
150,39.97995,116.343866666667,2007-08-05 04:41:36
150,39.9799166666667,116.344283333333,2007-08-05 04:42:04
150,39.97995,116.3447,2007-08-05 04:42:28
150,39.9799833333333,116.344983333333,2007-08-05 04:42:43
150,39.9800333333333,116.34535,2007-08-05 04:43:04
150,39.9799,116.3455,2007-08-05 04:43:22
150,39.97975,116.345433333333,2007-08-05 04:43:35
150,39.9796,116.345316666667,2007-08-05 04:43:54
150,39.97965,116.34605,2007-08-05 07:25:01
150,39.9797,116.346266666667,2007-08-05 07:25:26
150,39.97975,116.346466666667,2007-08-05 07:25:43
150,39.9797333333333,116.3467,2007-08-05 07:26:02
150,39.97975,116.347066666667,2007-08-05 07:26:23
150,39.9795,116.347116666667,2007-08-05 07:26:50
150,39.9792166666667,116.347066666667,2007-08-05 07:27:17
150,39.9789833333333,116.347033333333,2007-08-05 07:27:37
150,39.97875,116.347033333333,2007-08-05 07:28:00
150,39.9786166666667,116.34735,2007-08-05 07:28:22
150,39.9783333333333,116.347333333333,2007-08-05 07:28:44
150,39.9781,116.3473,2007-08-05 07:29:00
150,39.9779666666667,116.347566666667,2007-08-05 07:29:04
150,39.9778333333333,116.347483333333,2007-08-05 07:29:15
150,39.97765,116.347483333333,2007-08-05 07:29:30
150,39.97745,116.347483333333,2007-08-05 07:29:45
150,39.9772,116.347483333333,2007-08-05 07:30:05
150,39.9770333333333,116.3475,2007-08-05 07:30:17
150,39.97675,116.3475,2007-08-05 07:30:40
150,39.9765166666667,116.347566666667,2007-08-05 07:31:00
150,39.9762833333333,116.347516666667,2007-08-05 07:31:17
150,39.9760333333333,116.347416666667,2007-08-05 07:31:41
150,39.9758,116.34735,2007-08-05 07:32:02
150,39.9754166666667,116.347216666667,2007-08-05 07:32:33
150,39.9752833333333,116.3471,2007-08-05 07:32:54
150,39.97505,116.346966666667,2007-08-05 07:33:15
150,39.97485,116.346866666667,2007-08-05 07:33:32
150,39.9745166666667,116.346733333333,2007-08-05 07:33:58
150,39.9742333333333,116.346683333333,2007-08-05 07:34:19
150,39.9739666666667,116.34665,2007-08-05 07:34:43
150,39.9738166666667,116.34665,2007-08-05 07:34:58
150,39.9736166666667,116.34665,2007-08-05 07:35:15
150,39.97335,116.346616666667,2007-08-05 07:36:53
150,39.9731,116.346666666667,2007-08-05 07:45:13
150,39.9724833333333,116.346666666667,2007-08-05 07:45:24
150,39.97145,116.346716666667,2007-08-05 07:45:38
150,39.9707,116.346733333333,2007-08-05 07:46:06
150,39.9703166666667,116.34685,2007-08-05 07:46:13
150,39.9693333333333,116.346966666667,2007-08-05 07:46:25
150,39.9652833333333,116.347266666667,2007-08-05 07:47:16
150,39.9648333333333,116.347166666667,2007-08-05 07:47:21
150,39.9642,116.346983333333,2007-08-05 07:47:30
150,39.9632666666667,116.3469,2007-08-05 07:47:54
150,39.9630833333333,116.346883333333,2007-08-05 07:48:11
150,39.9624166666667,116.346966666667,2007-08-05 07:48:27
150,39.9593666666667,116.347116666667,2007-08-05 07:49:16
150,39.9587666666667,116.347233333333,2007-08-05 07:49:27
150,39.9581,116.347483333333,2007-08-05 07:49:36
150,39.9573,116.347983333333,2007-08-05 07:49:58
150,39.95705,116.348133333333,2007-08-05 07:50:06
150,39.95685,116.348283333333,2007-08-05 07:50:31
150,39.9566166666667,116.349066666667,2007-08-05 07:50:44
150,39.9565333333333,116.35195,2007-08-05 07:51:09
150,39.9565333333333,116.352183333333,2007-08-05 07:51:16
150,39.9564333333333,116.3523,2007-08-05 07:51:32
150,39.95645,116.3549,2007-08-05 07:52:03
150,39.9564833333333,116.361466666667,2007-08-05 07:53:44
150,39.9565666666667,116.361683333333,2007-08-05 07:54:29
150,39.9565833333333,116.3615,2007-08-05 07:55:11
150,39.9567,116.361116666667,2007-08-05 07:55:50
150,39.9566833333333,116.36085,2007-08-05 07:56:10
150,39.9567333333333,116.360666666667,2007-08-05 07:56:26
150,39.95675,116.360916666667,2007-08-05 07:57:04
150,39.9568,116.361966666667,2007-08-05 07:58:34
150,39.9568166666667,116.362266666667,2007-08-05 07:58:54
150,39.9567666666667,116.362633333333,2007-08-05 07:59:18
150,39.9567833333333,116.36305,2007-08-05 07:59:52
150,39.9567666666667,116.363483333333,2007-08-05 08:00:24
150,39.9567833333333,116.36405,2007-08-05 08:01:05
150,39.9567666666667,116.364316666667,2007-08-05 08:01:23
150,39.9568,116.364583333333,2007-08-05 08:01:37
150,39.9568,116.36475,2007-08-05 08:01:48
150,39.9566833333333,116.36495,2007-08-05 08:02:03
150,39.9565,116.365166666667,2007-08-05 08:02:22
150,39.9564666666667,116.365566666667,2007-08-05 08:02:55
150,39.95645,116.366116666667,2007-08-05 08:03:32
150,39.9564666666667,116.36635,2007-08-05 08:03:51
150,39.9565,116.366583333333,2007-08-05 08:04:09
150,39.9565166666667,116.36685,2007-08-05 08:04:31
150,39.95665,116.367033333333,2007-08-05 08:04:48
150,39.9566666666667,116.367266666667,2007-08-05 08:05:05
150,39.9566166666667,116.36755,2007-08-05 08:05:23
150,39.9566166666667,116.36775,2007-08-05 08:05:35
150,39.9566833333333,116.368033333333,2007-08-05 08:06:00
150,39.95665,116.368583333333,2007-08-05 08:06:36
150,39.9566333333333,116.368833333333,2007-08-05 08:06:52
150,39.95645,116.368916666667,2007-08-05 08:07:05
150,39.95625,116.368983333333,2007-08-05 08:07:21
150,39.9560333333333,116.369,2007-08-05 08:07:36
150,39.9558166666667,116.36905,2007-08-05 08:07:56
150,39.9556833333333,116.369166666667,2007-08-05 08:08:13
150,39.9556833333333,116.36945,2007-08-05 08:08:33
150,39.9555333333333,116.369533333333,2007-08-05 08:08:48
150,39.9555,116.369783333333,2007-08-05 08:09:07
150,39.95535,116.369816666667,2007-08-05 08:09:34
150,39.9554833333333,116.36965,2007-08-05 08:16:29
150,39.9556666666667,116.369716666667,2007-08-05 08:16:51
150,39.9557833333333,116.369983333333,2007-08-05 08:17:16
150,39.9558833333333,116.37025,2007-08-05 08:17:41
150,39.9561166666667,116.370783333333,2007-08-05 08:18:37
150,39.9561666666667,116.371,2007-08-05 08:18:51
150,39.95625,116.3712,2007-08-05 08:19:11
150,39.95635,116.371566666667,2007-08-05 08:19:40
150,39.95645,116.371883333333,2007-08-05 08:20:05
150,39.9564333333333,116.372183333333,2007-08-05 08:20:22
150,39.9564333333333,116.372566666667,2007-08-05 08:20:52
150,39.9567166666667,116.372633333333,2007-08-05 08:21:24
150,39.9569333333333,116.37265,2007-08-05 08:21:43
150,39.9573,116.3727,2007-08-05 08:22:16
150,39.9575166666667,116.37275,2007-08-05 08:22:31
150,39.9578833333333,116.372783333333,2007-08-05 08:23:05
150,39.95805,116.372866666667,2007-08-05 08:23:25
150,39.9572833333333,116.373016666667,2007-08-05 08:30:07
150,39.95695,116.372833333333,2007-08-05 08:30:37
150,39.95485,116.372883333333,2007-08-05 08:31:05
150,39.9544166666667,116.372883333333,2007-08-05 08:31:11
150,39.9537833333333,116.372733333333,2007-08-05 08:31:18
150,39.95305,116.372866666667,2007-08-05 08:31:23
150,39.9516333333333,116.3729,2007-08-05 08:31:41
150,39.9513666666667,116.372933333333,2007-08-05 08:31:58
150,39.9509666666667,116.372983333333,2007-08-05 08:32:09
150,39.9505666666667,116.373,2007-08-05 08:32:16
150,39.9501333333333,116.372866666667,2007-08-05 08:32:24
150,39.9499833333333,116.372766666667,2007-08-05 08:32:34
150,39.9498,116.372683333333,2007-08-05 08:32:43
150,39.9494333333333,116.372516666667,2007-08-05 08:32:56
150,39.9491333333333,116.3725,2007-08-05 08:33:08
150,39.9484333333333,116.3725,2007-08-05 08:33:44
150,39.94805,116.37265,2007-08-05 08:35:17
150,39.9478666666667,116.372716666667,2007-08-05 08:35:51
150,39.9476666666667,116.372833333333,2007-08-05 08:38:11
150,39.9473666666667,116.386366666667,2007-08-05 08:38:17
150,39.9473333333333,116.38665,2007-08-05 08:38:42
150,39.94735,116.387166666667,2007-08-05 08:39:23
150,39.9472,116.387366666667,2007-08-05 08:39:40
150,39.9469166666667,116.3874,2007-08-05 08:40:06
150,39.9466,116.387416666667,2007-08-05 08:40:36
150,39.9464333333333,116.387433333333,2007-08-05 08:40:51
150,39.9463,116.3873,2007-08-05 08:43:46
150,39.9461333333333,116.387583333333,2007-08-05 08:44:17
150,39.94625,116.38735,2007-08-05 08:44:32
150,39.9462833333333,116.387533333333,2007-08-05 08:56:35
150,39.9461333333333,116.387783333333,2007-08-05 09:00:52
150,39.9464,116.3875,2007-08-05 09:00:55
150,39.9464666666667,116.3874,2007-08-05 09:00:59
150,39.9464333333333,116.38755,2007-08-05 09:01:19
150,39.9465833333333,116.387466666667,2007-08-05 09:01:29
150,39.9467666666667,116.3874,2007-08-05 09:01:51
150,39.9470666666667,116.3874,2007-08-05 09:02:22
150,39.9472,116.387233333333,2007-08-05 09:02:53
150,39.9045166666667,116.455133333333,2007-08-05 09:48:30
150,39.9034833333333,116.457533333333,2007-08-05 09:49:14
150,39.9032666666667,116.457583333333,2007-08-05 09:49:18
150,39.9031,116.45735,2007-08-05 09:49:33
150,39.9031666666667,116.457133333333,2007-08-05 09:49:38
150,39.9032833333333,116.456933333333,2007-08-05 09:49:56
150,39.9034333333333,116.456866666667,2007-08-05 09:50:07
150,39.9035166666667,116.456683333333,2007-08-05 09:50:31
150,39.90535,116.4576,2007-08-05 09:51:19
150,39.90495,116.4579,2007-08-05 09:51:21
150,39.9047333333333,116.457716666667,2007-08-05 09:51:39
150,39.9054666666667,116.457116666667,2007-08-05 09:52:00
150,39.9057833333333,116.45705,2007-08-05 09:54:32
150,39.9031166666667,116.456433333333,2007-08-05 09:55:02
150,39.9025,116.455183333333,2007-08-05 09:55:05
150,39.90095,116.455216666667,2007-08-05 09:55:30
150,39.8984166666667,116.455816666667,2007-08-05 09:55:57
150,39.8989333333333,116.455216666667,2007-08-05 09:55:59
150,39.8978666666667,116.455333333333,2007-08-05 09:56:13
150,39.8968833333333,116.4553,2007-08-05 09:56:24
150,39.8960166666667,116.45525,2007-08-05 09:56:37
150,39.8956333333333,116.45525,2007-08-05 09:56:50
150,39.8946833333333,116.454933333333,2007-08-05 09:57:09
150,39.8939666666667,116.455016666667,2007-08-05 09:57:15
150,39.8933,116.455183333333,2007-08-05 09:57:20
150,39.8841166666667,116.455,2007-08-05 09:58:28
150,39.8747333333333,116.454766666667,2007-08-05 09:59:35
150,39.8677833333333,116.45465,2007-08-05 10:00:26
150,39.8673,116.454533333333,2007-08-05 10:00:30
150,39.8665833333333,116.4542,2007-08-05 10:00:38
150,39.8652833333333,116.452883333333,2007-08-05 10:00:53
150,39.8631666666667,116.450283333333,2007-08-05 10:01:16
150,39.8628666666667,116.449883333333,2007-08-05 10:01:22
150,39.8611333333333,116.447733333333,2007-08-05 10:01:50
150,39.8611166666667,116.447083333333,2007-08-05 10:01:56
150,39.8616166666667,116.446966666667,2007-08-05 10:02:02
150,39.8618,116.447616666667,2007-08-05 10:02:08
150,39.8467,116.466166666667,2007-08-05 10:04:09
150,39.8202666666667,116.495766666667,2007-08-05 10:07:48
150,39.8192,116.49615,2007-08-05 10:07:57
150,39.8184333333333,116.496016666667,2007-08-05 10:08:03
150,39.8177,116.495483333333,2007-08-05 10:08:10
150,39.8171,116.494533333333,2007-08-05 10:08:19
150,39.8091,116.474166666667,2007-08-05 10:10:13
150,39.80765,116.472383333333,2007-08-05 10:10:28
150,39.80275,116.467633333333,2007-08-05 10:11:16
150,39.8028,116.467083333333,2007-08-05 10:11:22
150,39.8034833333333,116.467333333333,2007-08-05 10:11:30
150,39.8044833333333,116.468266666667,2007-08-05 10:11:42
150,39.8045333333333,116.46885,2007-08-05 10:11:48
150,39.8040166666667,116.469583333333,2007-08-05 10:11:56
150,39.8030333333333,116.470966666667,2007-08-05 10:12:09
150,39.80135,116.472783333333,2007-08-05 10:12:29
150,39.8005,116.473483333333,2007-08-05 10:12:44
150,39.7998333333333,116.473983333333,2007-08-05 10:13:14
150,39.7995833333333,116.474183333333,2007-08-05 10:13:22
150,39.7994,116.4743,2007-08-05 10:13:41
150,39.7991833333333,116.47475,2007-08-05 10:13:52
150,39.7996,116.477733333333,2007-08-05 10:14:42
150,39.7996833333333,116.47835,2007-08-05 10:14:55
150,39.8002333333333,116.482383333333,2007-08-05 10:16:07
150,39.8005666666667,116.484516666667,2007-08-05 10:16:35
150,39.7996666666667,116.485416666667,2007-08-05 10:16:55
150,39.7993666666667,116.485633333333,2007-08-05 10:17:00
150,39.79955,116.485483333333,2007-08-05 10:17:21
150,39.7995666666667,116.485283333333,2007-08-05 10:17:41
150,39.7994333333333,116.485116666667,2007-08-05 10:17:54
150,39.7992166666667,116.484916666667,2007-08-05 10:18:17
150,39.7990833333333,116.4849,2007-08-05 10:18:32
150,39.7989333333333,116.485016666667,2007-08-05 10:18:49
150,39.7989833333333,116.485216666667,2007-08-05 10:19:05
150,39.7989166666667,116.485366666667,2007-08-05 10:19:17
150,39.8065833333333,116.467366666667,2007-08-05 10:37:12
150,39.8065166666667,116.46715,2007-08-05 10:37:18
150,39.8066833333333,116.467066666667,2007-08-05 10:37:34
150,39.8068166666667,116.46675,2007-08-05 10:37:41
150,39.8069833333333,116.466683333333,2007-08-05 10:38:08
150,39.8073666666667,116.466316666667,2007-08-05 10:38:19
150,39.8128666666667,116.461033333333,2007-08-05 10:39:34
150,39.8216666666667,116.449583333333,2007-08-05 10:41:51
150,39.8218333333333,116.449316666667,2007-08-05 10:42:57
150,39.8224833333333,116.44845,2007-08-05 10:43:19
150,39.8232166666667,116.44755,2007-08-05 10:44:50
150,39.82335,116.447383333333,2007-08-05 10:44:58
150,39.8264666666667,116.443433333333,2007-08-05 10:46:06
150,39.8282666666667,116.44205,2007-08-05 10:46:44
150,39.8295833333333,116.441583333333,2007-08-05 10:46:59
150,39.8297666666667,116.441533333333,2007-08-05 10:48:02
150,39.83095,116.44125,2007-08-05 10:48:42
150,39.8315166666667,116.441183333333,2007-08-05 10:48:49
150,39.8327333333333,116.4409,2007-08-05 10:49:06
150,39.8333333333333,116.440866666667,2007-08-05 10:49:15
150,39.8348166666667,116.440816666667,2007-08-05 10:50:20
150,39.8351666666667,116.44065,2007-08-05 10:50:34
150,39.8385,116.44065,2007-08-05 10:51:19
150,39.83895,116.440866666667,2007-08-05 10:51:26
150,39.84285,116.440816666667,2007-08-05 10:52:21
150,39.8438333333333,116.440666666667,2007-08-05 10:52:36
150,39.8442,116.44045,2007-08-05 10:52:51
150,39.8445666666667,116.4403,2007-08-05 10:53:00
150,39.8456,116.440166666667,2007-08-05 10:53:24
150,39.84925,116.4395,2007-08-05 10:54:26
150,39.8504,116.439266666667,2007-08-05 10:54:43
150,39.8509833333333,116.439483333333,2007-08-05 10:54:52
150,39.8513333333333,116.43945,2007-08-05 10:54:56
150,39.85155,116.4394,2007-08-05 10:55:07
150,39.8518666666667,116.43935,2007-08-05 10:55:13
150,39.8524,116.43925,2007-08-05 10:55:23
150,39.8529166666667,116.439516666667,2007-08-05 10:55:30
150,39.8537166666667,116.439416666667,2007-08-05 10:55:42
150,39.85565,116.439466666667,2007-08-05 10:56:17
150,39.8559,116.439466666667,2007-08-05 10:56:28
150,39.85625,116.439383333333,2007-08-05 10:57:16
150,39.8569833333333,116.43935,2007-08-05 10:58:17
150,39.8571333333333,116.439266666667,2007-08-05 10:58:42
150,39.8572333333333,116.439033333333,2007-08-05 10:59:04
150,39.8573,116.438766666667,2007-08-05 10:59:43
150,39.8573333333333,116.438916666667,2007-08-05 11:02:44
150,39.8603166666667,116.4474,2007-08-05 11:04:25
150,39.8608,116.44785,2007-08-05 11:04:29
150,39.8629,116.450416666667,2007-08-05 11:04:52
150,39.8650166666667,116.453033333333,2007-08-05 11:05:16
150,39.86595,116.454166666667,2007-08-05 11:05:27
150,39.8666166666667,116.454633333333,2007-08-05 11:05:35
150,39.8677333333333,116.454983333333,2007-08-05 11:05:46
150,39.87685,116.455366666667,2007-08-05 11:06:52
150,39.8771666666667,116.455383333333,2007-08-05 11:07:29
150,39.88025,116.455416666667,2007-08-05 11:08:05
150,39.8946166666667,116.455783333333,2007-08-05 11:09:56
150,39.8952,116.455866666667,2007-08-05 11:10:10
150,39.8986666666667,116.455866666667,2007-08-05 11:11:15
150,39.8991833333333,116.4559,2007-08-05 11:11:24
150,39.90545,116.455983333333,2007-08-05 11:12:20
150,39.9060833333333,116.4564,2007-08-05 11:12:26
150,39.9064666666667,116.456916666667,2007-08-05 11:12:30
150,39.9122833333333,116.45685,2007-08-05 11:13:20
150,39.9130166666667,116.456766666667,2007-08-05 11:13:29
150,39.9140166666667,116.45685,2007-08-05 11:13:43
150,39.9166333333333,116.45655,2007-08-05 11:14:10
150,39.9180333333333,116.456416666667,2007-08-05 11:14:24
150,39.9187,116.45645,2007-08-05 11:14:31
150,39.9243,116.4564,2007-08-05 11:15:22
150,39.9432,116.455933333333,2007-08-05 11:17:58
150,39.94335,116.455933333333,2007-08-05 11:18:36
150,39.9442333333333,116.45585,2007-08-05 11:18:55
150,39.9500666666667,116.455866666667,2007-08-05 11:19:45
150,39.95095,116.45565,2007-08-05 11:19:54
150,39.95185,116.45515,2007-08-05 11:20:00
150,39.9528833333333,116.454033333333,2007-08-05 11:20:10
150,39.9544833333333,116.451433333333,2007-08-05 11:21:14
150,39.9632,116.438133333333,2007-08-05 11:22:49
150,39.9640666666667,116.4369,2007-08-05 11:23:04
150,39.9677833333333,116.4309,2007-08-05 11:24:15
150,39.9681833333333,116.429416666667,2007-08-05 11:24:23
150,39.9682833333333,116.428033333333,2007-08-05 11:24:30
150,39.9681166666667,116.421166666667,2007-08-05 11:25:03
150,39.9677666666667,116.40765,2007-08-05 11:26:15
150,39.9677333333333,116.4066,2007-08-05 11:26:22
150,39.9673166666667,116.3907,2007-08-05 11:28:45
150,39.9670833333333,116.376283333333,2007-08-05 11:30:24
150,39.9672,116.375916666667,2007-08-05 11:30:27
150,39.9669,116.37605,2007-08-05 11:30:39
150,39.96675,116.368866666667,2007-08-05 11:31:48
150,39.9669666666667,116.363916666667,2007-08-05 11:31:56
150,39.96655,116.362233333333,2007-08-05 11:32:07
150,39.9665166666667,116.35945,2007-08-05 11:32:36
150,39.9665333333333,116.358933333333,2007-08-05 11:33:21
150,39.9665666666667,116.359183333333,2007-08-05 11:33:42
150,39.9665666666667,116.359416666667,2007-08-05 11:34:06
150,39.9667,116.359616666667,2007-08-05 11:34:24
150,39.9667666666667,116.359816666667,2007-08-05 11:34:47
150,39.96675,116.360066666667,2007-08-05 11:35:10
150,39.9667666666667,116.3606,2007-08-05 11:35:44
150,39.9667333333333,116.360883333333,2007-08-05 11:38:38
150,39.96665,116.359866666667,2007-08-05 11:38:45
150,39.9666666666667,116.35955,2007-08-05 11:38:49
150,39.9669166666667,116.359483333333,2007-08-05 11:38:54
150,39.96925,116.35945,2007-08-05 11:39:35
150,39.9713333333333,116.359316666667,2007-08-05 11:40:08
150,39.9716666666667,116.359283333333,2007-08-05 11:40:13
150,39.9729333333333,116.3593,2007-08-05 11:40:33
150,39.9737833333333,116.3565,2007-08-05 11:41:18
150,39.9749833333333,116.3556,2007-08-05 11:41:21
150,39.9751,116.354583333333,2007-08-05 11:41:25
150,39.9743666666667,116.352183333333,2007-08-05 11:41:46
150,39.97335,116.346883333333,2007-08-05 11:42:24
150,39.97285,116.344916666667,2007-08-05 11:42:37
150,39.9701166666667,116.339816666667,2007-08-05 11:43:26
150,39.96975,116.339433333333,2007-08-05 11:43:29
150,39.9689166666667,116.33885,2007-08-05 11:47:22
150,39.98115,116.347566666667,2007-08-05 11:47:44
150,39.9811666666667,116.34775,2007-08-05 11:48:09
150,39.9809333333333,116.34785,2007-08-05 11:48:34
150,39.9807333333333,116.347916666667,2007-08-05 11:48:54
150,39.9805333333333,116.3479,2007-08-05 11:49:17
150,39.9803833333333,116.347866666667,2007-08-05 11:49:39
150,39.98035,116.347333333333,2007-08-05 11:50:21
150,39.98015,116.34725,2007-08-05 11:51:30
150,39.97995,116.34735,2007-08-05 11:51:47
150,39.9797333333333,116.34735,2007-08-05 11:52:08
150,39.9794833333333,116.347366666667,2007-08-05 11:52:32
150,39.9790833333333,116.34735,2007-08-05 11:53:07
150,39.97885,116.347383333333,2007-08-05 11:53:28
150,39.97875,116.347183333333,2007-08-05 11:53:56
150,39.9788833333333,116.347066666667,2007-08-05 11:54:13
150,39.9789666666667,116.347216666667,2007-08-05 11:55:14
150,39.9791166666667,116.344983333333,2007-08-05 11:55:18
150,39.9793166666667,116.345766666667,2007-08-05 11:55:22
150,39.9794166666667,116.346183333333,2007-08-05 11:55:42
150,39.9794666666667,116.345983333333,2007-08-05 11:56:06
150,39.9790166666667,116.34425,2007-08-05 11:56:35
150,39.9793666666667,116.345216666667,2007-08-05 11:56:37
150,39.9792,116.3451,2007-08-05 11:56:48
150,39.9786166666667,116.344416666667,2007-08-05 15:45:08
150,39.9785,116.34425,2007-08-05 15:45:20
150,39.9782333333333,116.34425,2007-08-05 15:45:45
150,39.9779666666667,116.3443,2007-08-05 15:46:09
150,39.9778833333333,116.3441,2007-08-05 15:46:34
150,39.9778166666667,116.342833333333,2007-08-05 15:47:49
150,39.9777833333333,116.342483333333,2007-08-05 15:48:11
150,39.9778166666667,116.34225,2007-08-05 15:48:29
150,39.9778333333333,116.341983333333,2007-08-05 15:48:48
150,39.9779,116.341583333333,2007-08-05 15:49:21
150,39.97795,116.341383333333,2007-08-05 15:49:39
150,39.97795,116.340933333333,2007-08-05 15:50:14
150,39.9779666666667,116.340733333333,2007-08-05 15:50:28
150,39.9779166666667,116.340216666667,2007-08-05 15:51:07
150,39.9779,116.339916666667,2007-08-05 15:51:29
150,39.97785,116.339633333333,2007-08-05 15:51:49
150,39.9777166666667,116.33955,2007-08-05 15:52:05
150,39.97745,116.33955,2007-08-05 15:52:33
150,39.97695,116.339583333333,2007-08-05 15:53:08
150,39.9767833333333,116.3396,2007-08-05 15:53:38
150,39.9767166666667,116.3394,2007-08-05 15:53:41
150,39.97655,116.3393,2007-08-05 15:54:05
150,39.9764,116.339233333333,2007-08-05 15:54:28
150,39.9764666666667,116.33905,2007-08-05 15:54:47
150,39.97655,116.3388,2007-08-05 15:55:19
150,39.9766833333333,116.3387,2007-08-05 15:56:00
150,39.9768333333333,116.3386,2007-08-05 15:56:39
150,39.97685,116.338433333333,2007-08-05 15:57:34
150,39.9768666666667,116.338166666667,2007-08-05 15:58:14
150,39.9769166666667,116.338,2007-08-05 15:58:46
150,39.9768666666667,116.337733333333,2007-08-05 15:59:45
150,39.9769666666667,116.3376,2007-08-05 16:01:20
150,39.9760333333333,116.337733333333,2007-08-05 23:27:35
150,39.9758833333333,116.337683333333,2007-08-05 23:27:55
150,39.9757666666667,116.337833333333,2007-08-05 23:28:03
150,39.9755333333333,116.33795,2007-08-05 23:28:28
150,39.97525,116.338733333333,2007-08-05 23:29:03
150,39.9751833333333,116.338933333333,2007-08-05 23:29:15
150,39.97485,116.339766666667,2007-08-05 23:29:23
150,39.9754666666667,116.338483333333,2007-08-05 23:29:39
150,39.9753666666667,116.338316666667,2007-08-05 23:32:26
150,39.9753166666667,116.33785,2007-08-05 23:33:11
150,39.9751333333333,116.3378,2007-08-05 23:33:27
150,39.975,116.337966666667,2007-08-05 23:33:40
150,39.97505,116.338166666667,2007-08-05 23:33:54
150,39.9751833333333,116.338383333333,2007-08-05 23:36:16
150,39.9756833333333,116.3469,2007-08-05 23:40:26
150,39.9757,116.347366666667,2007-08-05 23:41:40
150,39.9780833333333,116.347016666667,2007-08-05 23:41:42
150,39.9792833333333,116.346916666667,2007-08-05 23:42:04
150,39.9808166666667,116.34695,2007-08-05 23:42:53
150,39.9816166666667,116.34835,2007-08-05 23:43:05
150,39.9844333333333,116.34795,2007-08-05 23:43:50
150,39.98475,116.347916666667,2007-08-05 23:43:55
150,39.9850666666667,116.34795,2007-08-05 23:44:07
150,39.9856666666667,116.3512,2007-08-05 23:45:00
150,39.9856666666667,116.351833333333,2007-08-05 23:45:17
150,39.9857166666667,116.3537,2007-08-05 23:45:37
150,39.9857,116.361533333333,2007-08-05 23:47:23
150,39.98575,116.362266666667,2007-08-05 23:47:56
150,39.9857166666667,116.369366666667,2007-08-05 23:49:37
150,39.9857666666667,116.370133333333,2007-08-05 23:49:50
150,39.9855833333333,116.3707,2007-08-05 23:50:02
150,39.9860166666667,116.371416666667,2007-08-05 23:50:08
150,39.9861,116.373133333333,2007-08-05 23:50:25
150,39.9861166666667,116.373666666667,2007-08-05 23:50:31
150,39.9859833333333,116.373916666667,2007-08-05 23:50:44
150,39.98605,116.374333333333,2007-08-05 23:50:50
150,39.9861333333333,116.374866666667,2007-08-05 23:51:00
150,39.9861666666667,116.3774,2007-08-05 23:51:35
150,39.9861333333333,116.377533333333,2007-08-05 23:52:02
150,39.9862,116.378316666667,2007-08-05 23:52:21
150,39.9863166666667,116.3813,2007-08-05 23:52:48
150,39.9863166666667,116.382483333333,2007-08-05 23:53:02
150,39.9866833333333,116.395766666667,2007-08-05 23:55:12
150,39.9866333333333,116.396333333333,2007-08-05 23:55:32
150,39.9866166666667,116.39655,2007-08-05 23:56:28
150,39.9867833333333,116.398866666667,2007-08-06 00:01:09
150,39.9870666666667,116.406516666667,2007-08-06 00:02:12
150,39.9872166666667,116.413,2007-08-06 00:03:41
150,39.98725,116.41355,2007-08-06 00:03:47
150,39.9871833333333,116.41465,2007-08-06 00:04:04
150,39.9871,116.414866666667,2007-08-06 00:04:24
150,39.9872166666667,116.415033333333,2007-08-06 00:04:50
150,39.98735,116.416116666667,2007-08-06 00:05:05
150,39.98735,116.41645,2007-08-06 00:05:12
150,39.9873833333333,116.417766666667,2007-08-06 00:05:49
150,39.9873833333333,116.418316666667,2007-08-06 00:05:56
150,39.98745,116.419583333333,2007-08-06 00:06:32
150,39.9874833333333,116.423433333333,2007-08-06 00:07:04
150,39.9876333333333,116.430116666667,2007-08-06 00:08:15
150,39.9875666666667,116.430683333333,2007-08-06 00:08:24
150,39.98745,116.431516666667,2007-08-06 00:08:54
150,39.9848166666667,116.439133333333,2007-08-06 00:10:11
150,39.9846833333333,116.43995,2007-08-06 00:10:16
150,39.98415,116.441266666667,2007-08-06 00:10:40
150,39.98345,116.442533333333,2007-08-06 00:10:55
150,39.9813166666667,116.4456,2007-08-06 00:11:25
150,39.9806666666667,116.446583333333,2007-08-06 00:11:46
150,39.9801666666667,116.44745,2007-08-06 00:13:37
150,39.9828,116.450366666667,2007-08-06 00:13:43
150,39.9834833333333,116.450633333333,2007-08-06 00:13:48
150,39.9844166666667,116.4506,2007-08-06 00:13:59
150,39.9870833333333,116.450866666667,2007-08-06 00:15:03
150,39.9871333333333,116.451416666667,2007-08-06 00:15:06
150,39.9871833333333,116.451583333333,2007-08-06 00:15:28
150,39.9873666666667,116.452,2007-08-06 00:15:44
150,39.9874,116.4525,2007-08-06 00:15:52
150,39.9875166666667,116.453333333333,2007-08-06 00:16:00
150,39.9879,116.4556,2007-08-06 00:16:22
150,39.9881166666667,116.456216666667,2007-08-06 00:17:08
150,39.9886166666667,116.456316666667,2007-08-06 00:17:14
150,39.98935,116.456783333333,2007-08-06 00:17:36
150,39.9891666666667,116.456283333333,2007-08-06 00:17:40
150,39.9894666666667,116.456316666667,2007-08-06 00:17:51
150,39.9896166666667,116.45635,2007-08-06 00:17:58
150,39.9900666666667,116.456416666667,2007-08-06 00:18:15
150,39.99175,116.456466666667,2007-08-06 00:18:34
150,39.99465,116.456483333333,2007-08-06 00:19:37
150,39.9952666666667,116.456333333333,2007-08-06 00:19:59
150,39.9965666666667,116.456316666667,2007-08-06 00:20:14
150,39.9977,116.4564,2007-08-06 00:20:41
150,39.9984333333333,116.456466666667,2007-08-06 00:21:18
150,39.99935,116.456533333333,2007-08-06 00:21:29
150,39.9996,116.4567,2007-08-06 00:21:33
150,40.0002333333333,116.4608,2007-08-06 00:22:21
150,40.0002666666667,116.460966666667,2007-08-06 00:23:27
150,40.0013,116.461683333333,2007-08-06 00:23:31
150,40.0048666666667,116.461583333333,2007-08-06 00:24:45
150,40.0050166666667,116.461683333333,2007-08-06 00:24:58
150,40.0051333333333,116.461633333333,2007-08-06 00:25:09
150,40.0052333333333,116.461583333333,2007-08-06 00:25:49
150,40.0051666666667,116.461816666667,2007-08-06 00:26:50
150,40.0049833333333,116.461916666667,2007-08-06 00:27:10
150,40.00485,116.462,2007-08-06 00:28:29
150,40.00475,116.462183333333,2007-08-06 00:28:47
150,40.0047666666667,116.462316666667,2007-08-06 00:29:24
150,40.0048166666667,116.462716666667,2007-08-06 00:29:54
150,40.00485,116.463516666667,2007-08-06 00:30:26
150,40.0050666666667,116.4667,2007-08-06 00:30:51
150,40.0051333333333,116.467,2007-08-06 00:30:58
150,40.0053666666667,116.4671,2007-08-06 00:31:03
150,40.00655,116.467116666667,2007-08-06 00:31:21
150,40.0067833333333,116.467133333333,2007-08-06 00:31:25
150,40.0070666666667,116.467,2007-08-06 00:31:46
150,40.0078,116.466983333333,2007-08-06 00:31:59
150,40.0092,116.46685,2007-08-06 00:32:40
150,40.01005,116.4668,2007-08-06 00:33:45
150,40.0102333333333,116.4704,2007-08-06 00:33:51
150,40.0100833333333,116.471516666667,2007-08-06 00:34:01
150,40.0101333333333,116.473166666667,2007-08-06 00:34:14
150,40.0100333333333,116.473966666667,2007-08-06 00:34:20
150,40.0096333333333,116.475416666667,2007-08-06 00:34:30
150,40.00935,116.476,2007-08-06 00:34:36
150,40.0093833333333,116.47635,2007-08-06 00:35:28
150,40.0092333333333,116.47675,2007-08-06 00:35:55
150,40.0089833333333,116.477283333333,2007-08-06 00:36:29
150,40.0088166666667,116.477566666667,2007-08-06 00:36:49
150,40.0088333333333,116.477783333333,2007-08-06 00:37:04
150,40.0082333333333,116.480066666667,2007-08-06 09:49:39
150,40.0082666666667,116.479866666667,2007-08-06 09:50:20
150,40.00835,116.480016666667,2007-08-06 09:50:53
150,40.0080333333333,116.479833333333,2007-08-06 09:53:44
150,40.00785,116.479583333333,2007-08-06 09:53:55
150,40.0076,116.4792,2007-08-06 09:54:06
150,40.0076166666667,116.478733333333,2007-08-06 09:54:14
150,40.0081833333333,116.47805,2007-08-06 09:54:26
150,40.00905,116.476916666667,2007-08-06 09:54:50
150,40.0094,116.476233333333,2007-08-06 09:55:00
150,40.0100166666667,116.474516666667,2007-08-06 09:55:17
150,40.0102833333333,116.472683333333,2007-08-06 09:55:31
150,40.0102333333333,116.467183333333,2007-08-06 09:57:40
150,40.01025,116.46285,2007-08-06 09:58:24
150,40.0103,116.46155,2007-08-06 09:58:49
150,40.0138,116.461083333333,2007-08-06 10:01:12
150,40.0139833333333,116.461083333333,2007-08-06 10:01:15
150,40.0141333333333,116.461066666667,2007-08-06 10:01:27
150,40.0143833333333,116.461016666667,2007-08-06 10:01:45
150,40.0145166666667,116.46055,2007-08-06 10:02:07
150,40.0144833333333,116.459283333333,2007-08-06 10:02:22
150,40.0139166666667,116.456883333333,2007-08-06 10:02:47
150,40.0140333333333,116.45375,2007-08-06 10:03:19
150,40.0147166666667,116.450566666667,2007-08-06 10:03:45
150,40.0153833333333,116.448466666667,2007-08-06 10:04:03
150,40.01575,116.448083333333,2007-08-06 10:04:10
150,40.0162166666667,116.4482,2007-08-06 10:04:15
150,40.01645,116.4488,2007-08-06 10:04:21
150,40.0161166666667,116.449433333333,2007-08-06 10:04:28
150,39.99905,116.444066666667,2007-08-06 10:06:23
150,39.99805,116.4436,2007-08-06 10:06:38
150,39.9976333333333,116.443383333333,2007-08-06 10:06:46
150,39.99745,116.443266666667,2007-08-06 10:07:07
150,39.9971833333333,116.4431,2007-08-06 10:07:50
150,39.99695,116.442966666667,2007-08-06 10:08:29
150,39.9967166666667,116.442833333333,2007-08-06 10:09:10
150,39.9965166666667,116.44275,2007-08-06 10:10:04
150,39.9962833333333,116.4426,2007-08-06 10:10:34
150,39.996,116.44245,2007-08-06 10:11:28
150,39.9956833333333,116.442233333333,2007-08-06 10:12:11
150,39.9955833333333,116.442083333333,2007-08-06 10:13:33
150,39.9954333333333,116.44195,2007-08-06 10:14:14
150,39.9952666666667,116.4419,2007-08-06 10:14:51
150,39.9950666666667,116.441783333333,2007-08-06 10:15:00
150,39.9948,116.441566666667,2007-08-06 10:15:17
150,39.9942333333333,116.441366666667,2007-08-06 10:16:17
150,39.99425,116.441533333333,2007-08-06 10:16:22
150,39.9942666666667,116.4414,2007-08-06 10:16:40
150,39.9941166666667,116.441416666667,2007-08-06 10:16:54
150,39.9940333333333,116.441316666667,2007-08-06 10:17:23
150,39.9937833333333,116.4411,2007-08-06 10:18:02
150,39.9934333333333,116.44085,2007-08-06 10:19:01
150,39.9933166666667,116.440683333333,2007-08-06 10:19:24
150,39.99315,116.440566666667,2007-08-06 10:19:39
150,39.9930333333333,116.440416666667,2007-08-06 10:20:17
150,39.9929333333333,116.440333333333,2007-08-06 10:20:39
150,39.99275,116.440316666667,2007-08-06 10:21:08
150,39.9925,116.440166666667,2007-08-06 10:22:01
150,39.9923333333333,116.440066666667,2007-08-06 10:22:51
150,39.9921833333333,116.439916666667,2007-08-06 10:23:15
150,39.9919833333333,116.4398,2007-08-06 10:24:07
150,39.9917833333333,116.43965,2007-08-06 10:24:24
150,39.99165,116.43955,2007-08-06 10:24:36
150,39.9914666666667,116.439433333333,2007-08-06 10:24:57
150,39.9913333333333,116.43935,2007-08-06 10:25:34
150,39.9911666666667,116.439233333333,2007-08-06 10:26:09
150,39.9908,116.438966666667,2007-08-06 10:26:54
150,39.99065,116.4389,2007-08-06 10:27:20
150,39.9904666666667,116.43875,2007-08-06 10:28:01
150,39.9902666666667,116.438616666667,2007-08-06 10:28:24
150,39.9901333333333,116.438533333333,2007-08-06 10:29:02
150,39.98995,116.438383333333,2007-08-06 10:29:28
150,39.9898166666667,116.4383,2007-08-06 10:29:54
150,39.98965,116.438183333333,2007-08-06 10:30:02
150,39.9892833333333,116.437816666667,2007-08-06 10:30:56
150,39.9891166666667,116.437616666667,2007-08-06 10:31:33
150,39.9889,116.437366666667,2007-08-06 10:32:18
150,39.9887333333333,116.43715,2007-08-06 10:33:09
150,39.9885833333333,116.436933333333,2007-08-06 10:33:48
150,39.98845,116.436766666667,2007-08-06 10:34:20
150,39.9881666666667,116.43635,2007-08-06 10:35:10
150,39.988,116.435983333333,2007-08-06 10:36:29
150,39.9878833333333,116.43565,2007-08-06 10:37:37
150,39.98775,116.43515,2007-08-06 10:38:34
150,39.98765,116.433666666667,2007-08-06 10:40:16
150,39.9878833333333,116.4306,2007-08-06 10:42:34
150,39.9878666666667,116.429933333333,2007-08-06 10:43:00
150,39.9878333333333,116.4238,2007-08-06 10:46:09
150,39.9877666666667,116.4213,2007-08-06 10:47:44
150,39.9877333333333,116.41965,2007-08-06 10:52:36
150,39.9874666666667,116.410583333333,2007-08-06 10:54:31
150,39.98725,116.4064,2007-08-06 10:56:07
150,39.9870833333333,116.4014,2007-08-06 10:57:45
150,39.9870666666667,116.399933333333,2007-08-06 10:58:12
150,39.9866,116.380766666667,2007-08-06 11:07:16
150,39.9865833333333,116.38025,2007-08-06 11:07:29
150,39.9863333333333,116.375583333333,2007-08-06 11:08:07
150,39.9856,116.349966666667,2007-08-06 11:17:20
150,39.9854,116.341866666667,2007-08-06 11:18:14
150,39.9854166666667,116.341433333333,2007-08-06 11:18:29
150,39.9854,116.340966666667,2007-08-06 11:19:19
150,39.9853166666667,116.340066666667,2007-08-06 11:19:40
150,39.9853166666667,116.339333333333,2007-08-06 11:21:11
150,39.9853,116.338883333333,2007-08-06 11:22:36
150,39.9853166666667,116.3387,2007-08-06 11:24:04
150,39.9853333333333,116.3383,2007-08-06 11:25:52
150,39.9853833333333,116.338066666667,2007-08-06 11:26:39
150,39.9853666666667,116.337866666667,2007-08-06 11:28:29
150,39.9853666666667,116.337566666667,2007-08-06 11:33:08
150,39.9853333333333,116.335666666667,2007-08-06 11:34:32
150,39.9853333333333,116.335433333333,2007-08-06 11:34:48
150,39.9853333333333,116.3343,2007-08-06 11:36:07
150,39.985,116.3331,2007-08-06 11:36:10
150,39.9853166666667,116.334033333333,2007-08-06 11:36:17
150,39.9853,116.333533333333,2007-08-06 11:37:48
150,39.9853166666667,116.333216666667,2007-08-06 11:39:50
150,39.98525,116.333033333333,2007-08-06 11:40:54
150,39.9853333333333,116.333283333333,2007-08-06 11:41:49
150,39.9853,116.33365,2007-08-06 11:42:22
150,39.9853166666667,116.333966666667,2007-08-06 11:42:53
150,39.9853,116.334816666667,2007-08-06 11:43:56
150,39.9854333333333,116.33505,2007-08-06 11:44:14
150,39.9854833333333,116.335416666667,2007-08-06 11:44:39
150,39.9855166666667,116.33595,2007-08-06 11:45:19
150,39.9855333333333,116.33625,2007-08-06 11:45:40
150,39.98555,116.33685,2007-08-06 11:46:22
150,39.98555,116.337716666667,2007-08-06 11:47:32
150,39.9855666666667,116.338233333333,2007-08-06 11:48:11
150,39.9855666666667,116.3387,2007-08-06 11:48:45
150,39.9855666666667,116.339833333333,2007-08-06 11:50:03
150,39.9856,116.340516666667,2007-08-06 11:50:53
150,39.9855833333333,116.340866666667,2007-08-06 11:51:17
150,39.9856333333333,116.341083333333,2007-08-06 11:51:32
150,39.98565,116.341266666667,2007-08-06 11:51:45
150,39.98565,116.341633333333,2007-08-06 11:52:15
150,39.9855,116.341816666667,2007-08-06 11:52:52
150,39.98525,116.34185,2007-08-06 11:53:28
150,39.9851,116.341883333333,2007-08-06 11:53:55
150,39.9850333333333,116.341333333333,2007-08-06 11:54:51
150,39.9848166666667,116.341216666667,2007-08-06 11:55:06
150,39.985,116.340933333333,2007-08-06 12:23:28
150,39.985,116.340733333333,2007-08-06 12:23:49
150,39.9849833333333,116.34055,2007-08-06 12:24:13
150,39.98495,116.34035,2007-08-06 12:24:35
150,39.98495,116.34015,2007-08-06 12:24:50
150,39.9849666666667,116.339916666667,2007-08-06 12:25:09
150,39.9849333333333,116.339683333333,2007-08-06 12:25:27
150,39.985,116.339383333333,2007-08-06 12:25:47
150,39.98505,116.339133333333,2007-08-06 12:26:05
150,39.9850166666667,116.3389,2007-08-06 12:26:20
150,39.985,116.338583333333,2007-08-06 12:26:43
150,39.98495,116.338366666667,2007-08-06 12:27:00
150,39.9849666666667,116.338083333333,2007-08-06 12:27:18
150,39.9847666666667,116.33795,2007-08-06 12:27:42
150,39.9844,116.337866666667,2007-08-06 12:28:18
150,39.98425,116.337816666667,2007-08-06 12:28:34
150,39.9840166666667,116.337816666667,2007-08-06 12:28:57
150,39.98375,116.337816666667,2007-08-06 12:29:25
150,39.9834833333333,116.33785,2007-08-06 12:29:52
150,39.9832666666667,116.33785,2007-08-06 12:30:17
150,39.98305,116.33785,2007-08-06 12:30:41
150,39.98275,116.337883333333,2007-08-06 12:31:08
150,39.9825,116.3379,2007-08-06 12:31:32
150,39.9822666666667,116.337916666667,2007-08-06 12:31:55
150,39.9820333333333,116.337933333333,2007-08-06 12:32:16
150,39.9815333333333,116.337933333333,2007-08-06 12:32:57
150,39.9813333333333,116.337966666667,2007-08-06 12:33:15
150,39.9811333333333,116.338,2007-08-06 12:33:33
150,39.981,116.338083333333,2007-08-06 12:33:47
150,39.9805666666667,116.338083333333,2007-08-06 12:34:26
150,39.9804,116.3381,2007-08-06 12:34:44
150,39.9802,116.33815,2007-08-06 12:35:06
150,39.98005,116.338166666667,2007-08-06 12:35:22
150,39.9798833333333,116.338216666667,2007-08-06 12:35:40
150,39.9798666666667,116.33855,2007-08-06 12:36:12
150,39.9798166666667,116.338716666667,2007-08-06 12:36:27
150,39.9798333333333,116.33895,2007-08-06 12:36:44
150,39.97985,116.339483333333,2007-08-06 12:37:27
150,39.9798833333333,116.3403,2007-08-06 12:38:30
150,39.97995,116.340933333333,2007-08-06 12:39:17
150,39.9799666666667,116.341416666667,2007-08-06 12:39:57
150,39.9800166666667,116.342366666667,2007-08-06 12:41:16
150,39.9799666666667,116.34265,2007-08-06 12:41:37
150,39.9799333333333,116.343066666667,2007-08-06 12:42:13
150,39.9799,116.3433,2007-08-06 12:42:30
150,39.9799,116.34355,2007-08-06 12:42:47
150,39.9798833333333,116.343783333333,2007-08-06 12:43:10
150,39.9798833333333,116.343983333333,2007-08-06 12:43:26
150,39.97995,116.344266666667,2007-08-06 12:43:53
150,39.9799833333333,116.3448,2007-08-06 12:44:36
150,39.9799833333333,116.345216666667,2007-08-06 12:45:07
150,39.9798666666667,116.3453,2007-08-06 12:45:24
150,39.9797,116.345216666667,2007-08-06 12:45:45
150,39.9795666666667,116.345266666667,2007-08-06 12:46:05
150,39.9794166666667,116.34515,2007-08-06 12:46:52
150,39.9793166666667,116.345216666667,2007-08-06 12:47:36
150,39.97915,116.345266666667,2007-08-06 12:48:17
150,39.9790833333333,116.345383333333,2007-08-06 12:48:51
150,39.9791166666667,116.34555,2007-08-06 12:49:20
150,39.97895,116.345566666667,2007-08-06 12:49:55
150,39.9788166666667,116.345633333333,2007-08-06 12:50:52
150,39.9781166666667,116.34385,2007-08-06 16:04:53
150,39.97795,116.34385,2007-08-06 16:05:48
150,39.9775333333333,116.343866666667,2007-08-06 16:06:20
150,39.9772833333333,116.343883333333,2007-08-06 16:06:39
150,39.97715,116.343866666667,2007-08-06 16:06:55
150,39.9762666666667,116.342433333333,2007-08-06 16:08:06
150,39.9767,116.342116666667,2007-08-06 16:08:15
150,39.9768666666667,116.342016666667,2007-08-06 16:08:20
150,39.97705,116.341883333333,2007-08-06 16:08:32
150,39.9772,116.3418,2007-08-06 16:08:50
150,39.9773,116.341583333333,2007-08-06 16:09:11
150,39.9773,116.34135,2007-08-06 16:09:29
150,39.9773166666667,116.341016666667,2007-08-06 16:09:54
150,39.9772833333333,116.34075,2007-08-06 16:10:13
150,39.9773833333333,116.340616666667,2007-08-06 16:10:26
150,39.9775833333333,116.340616666667,2007-08-06 16:10:33
150,39.9776666666667,116.340483333333,2007-08-06 16:10:48
150,39.9777333333333,116.3403,2007-08-06 16:11:03
150,39.9776833333333,116.339983333333,2007-08-06 16:11:32
150,39.9777666666667,116.339716666667,2007-08-06 16:11:49
150,39.9775333333333,116.3396,2007-08-06 16:12:23
150,39.97735,116.339616666667,2007-08-06 16:12:38
150,39.9768833333333,116.339633333333,2007-08-06 16:13:33
150,39.9767166666667,116.339416666667,2007-08-06 16:13:58
150,39.9765333333333,116.339316666667,2007-08-06 16:14:20
150,39.9765,116.339033333333,2007-08-06 16:14:39
150,39.97645,116.338783333333,2007-08-06 16:14:58
150,39.9764666666667,116.33855,2007-08-06 16:15:16
150,39.9765,116.338133333333,2007-08-06 16:15:48
150,39.9764166666667,116.338083333333,2007-08-06 16:15:52
150,39.9752833333333,116.338183333333,2007-08-06 23:40:09
150,39.97525,116.33835,2007-08-06 23:43:54
150,39.9752833333333,116.33885,2007-08-06 23:44:10
150,39.97535,116.341316666667,2007-08-06 23:44:43
150,39.9752666666667,116.341883333333,2007-08-06 23:45:05
150,39.9751333333333,116.345716666667,2007-08-06 23:45:37
150,39.9747,116.344916666667,2007-08-06 23:45:45
150,39.9754166666667,116.34525,2007-08-06 23:45:49
150,39.9753333333333,116.3462,2007-08-06 23:45:54
150,39.9753166666667,116.346666666667,2007-08-06 23:46:03
150,39.9754166666667,116.3481,2007-08-06 23:46:22
150,39.9760333333333,116.348016666667,2007-08-06 23:46:30
150,39.9781666666667,116.347816666667,2007-08-06 23:46:53
150,39.9788333333333,116.347666666667,2007-08-06 23:47:00
150,39.98105,116.347483333333,2007-08-06 23:47:30
150,39.9813833333333,116.347483333333,2007-08-06 23:47:38
150,39.9815333333333,116.347483333333,2007-08-06 23:48:02
150,39.9823,116.347483333333,2007-08-06 23:48:30
150,39.9827666666667,116.347466666667,2007-08-06 23:48:44
150,39.9832,116.347433333333,2007-08-06 23:48:56
150,39.9843833333333,116.34755,2007-08-06 23:49:15
150,39.9846833333333,116.34755,2007-08-06 23:49:20
150,39.9850166666667,116.3476,2007-08-06 23:49:29
150,39.9851666666667,116.3479,2007-08-06 23:49:37
150,39.98535,116.351016666667,2007-08-06 23:50:28
150,39.9856,116.359283333333,2007-08-06 23:51:37
150,39.9856666666667,116.362016666667,2007-08-06 23:52:39
150,39.9857166666667,116.362783333333,2007-08-06 23:54:47
150,39.98575,116.365666666667,2007-08-06 23:55:34
150,39.9857166666667,116.368866666667,2007-08-06 23:56:15
150,39.9857833333333,116.369933333333,2007-08-06 23:56:34
150,39.9856166666667,116.37075,2007-08-06 23:56:50
150,39.9856333333333,116.3711,2007-08-06 23:56:56
150,39.9859,116.37145,2007-08-06 23:57:05
150,39.9859666666667,116.373416666667,2007-08-06 23:57:26
150,39.9858333333333,116.374083333333,2007-08-06 23:57:48
150,39.98595,116.374983333333,2007-08-06 23:58:04
150,39.986,116.37745,2007-08-06 23:58:37
150,39.9860833333333,116.378283333333,2007-08-06 23:58:56
150,39.9866333333333,116.396266666667,2007-08-07 00:01:56
150,39.9867666666667,116.3977,2007-08-07 00:02:18
150,39.9868166666667,116.401466666667,2007-08-07 00:02:54
150,39.9870666666667,116.4069,2007-08-07 00:03:45
150,39.98705,116.40755,2007-08-07 00:03:53
150,39.98705,116.408,2007-08-07 00:04:20
150,39.9872166666667,116.41435,2007-08-07 00:05:31
150,39.98715,116.415266666667,2007-08-07 00:05:55
150,39.98725,116.417766666667,2007-08-07 00:06:20
150,39.98745,116.4236,2007-08-07 00:07:20
150,39.9874333333333,116.423866666667,2007-08-07 00:07:52
150,39.9876166666667,116.429433333333,2007-08-07 00:08:41
150,39.9875666666667,116.430416666667,2007-08-07 00:09:03
150,39.9873,116.43205,2007-08-07 00:09:39
150,39.9870833333333,116.432616666667,2007-08-07 00:09:44
150,39.9866333333333,116.433433333333,2007-08-07 00:10:12
150,39.9845166666667,116.436633333333,2007-08-07 00:10:29
150,39.9847,116.437283333333,2007-08-07 00:10:31
150,39.9849166666667,116.43795,2007-08-07 00:10:38
150,39.9846,116.43995,2007-08-07 00:10:52
150,39.9841166666667,116.441166666667,2007-08-07 00:11:03
150,39.9838666666667,116.441633333333,2007-08-07 00:11:17
150,39.98335,116.44245,2007-08-07 00:11:36
150,39.9810833333333,116.445883333333,2007-08-07 00:12:19
150,39.9808833333333,116.446166666667,2007-08-07 00:12:29
150,39.98005,116.447533333333,2007-08-07 00:13:39
150,39.9798333333333,116.44815,2007-08-07 00:14:00
150,39.9799833333333,116.449283333333,2007-08-07 00:15:30
150,39.9809333333333,116.449933333333,2007-08-07 00:15:43
150,39.9821833333333,116.450833333333,2007-08-07 00:17:33
150,39.9844666666667,116.45645,2007-08-07 00:17:40
150,39.9848166666667,116.45695,2007-08-07 00:17:47
150,39.9829,116.459983333333,2007-08-07 00:18:22
150,39.9825,116.460233333333,2007-08-07 00:18:28
150,39.9820833333333,116.46035,2007-08-07 00:18:42
150,39.9815833333333,116.460433333333,2007-08-07 00:18:50
150,39.98125,116.460483333333,2007-08-07 00:18:56
150,39.9808166666667,116.4604,2007-08-07 00:19:03
150,39.9806,116.460383333333,2007-08-07 00:19:11
150,39.9804666666667,116.460233333333,2007-08-07 00:19:35
150,39.9795333333333,116.460183333333,2007-08-07 00:19:49
150,39.9790166666667,116.4604,2007-08-07 00:19:55
150,39.9786333333333,116.46085,2007-08-07 00:20:01
150,39.9785,116.461066666667,2007-08-07 00:20:06
150,39.9782833333333,116.461533333333,2007-08-07 00:21:26
150,39.9786,116.462066666667,2007-08-07 00:21:36
150,39.9802833333333,116.463933333333,2007-08-07 00:22:09
150,39.9822666666667,116.46615,2007-08-07 00:23:19
150,39.9825166666667,116.466333333333,2007-08-07 00:23:37
150,39.9841333333333,116.464,2007-08-07 00:24:23
150,39.9841666666667,116.463816666667,2007-08-07 00:24:38
150,39.9844833333333,116.463366666667,2007-08-07 00:25:18
150,39.9860666666667,116.460866666667,2007-08-07 00:25:47
150,39.9865166666667,116.46025,2007-08-07 00:25:57
150,39.98685,116.459833333333,2007-08-07 00:26:44
150,39.9871,116.459733333333,2007-08-07 00:26:51
150,39.9891333333333,116.461766666667,2007-08-07 00:27:22
150,39.9893166666667,116.461933333333,2007-08-07 00:27:46
150,39.99545,116.469116666667,2007-08-07 00:30:02
150,39.9954333333333,116.469,2007-08-07 00:30:04
150,39.9956166666667,116.469116666667,2007-08-07 00:30:10
150,39.9959166666667,116.469233333333,2007-08-07 00:30:18
150,39.9973166666667,116.467466666667,2007-08-07 00:30:47
150,39.9975666666667,116.467066666667,2007-08-07 00:31:08
150,39.9981666666667,116.466066666667,2007-08-07 00:31:30
150,39.9986166666667,116.4655,2007-08-07 00:31:40
150,39.9990333333333,116.465733333333,2007-08-07 00:32:02
150,40.0004833333333,116.467366666667,2007-08-07 00:32:23
150,40.0029666666667,116.467233333333,2007-08-07 00:32:55
150,40.0047666666667,116.467133333333,2007-08-07 00:33:40
150,40.0062333333333,116.467066666667,2007-08-07 00:33:58
150,40.0067166666667,116.4671,2007-08-07 00:34:06
150,40.0090166666667,116.466966666667,2007-08-07 00:34:51
150,40.0099333333333,116.466966666667,2007-08-07 00:35:32
150,40.0101333333333,116.470866666667,2007-08-07 00:36:05
150,40.01005,116.473583333333,2007-08-07 00:36:26
150,40.0096,116.475483333333,2007-08-07 00:36:42
150,40.0093666666667,116.476083333333,2007-08-07 00:37:16
150,40.0093,116.476316666667,2007-08-07 00:37:39
150,40.0093833333333,116.476683333333,2007-08-07 00:37:58
150,40.0093333333333,116.47695,2007-08-07 00:38:14
150,40.0091833333333,116.477133333333,2007-08-07 00:38:30
150,40.0089666666667,116.477433333333,2007-08-07 00:38:49
150,40.0088166666667,116.4776,2007-08-07 00:39:00
150,40.0087,116.47785,2007-08-07 00:39:15
150,40.0085333333333,116.47815,2007-08-07 00:39:36
150,40.0084333333333,116.478366666667,2007-08-07 00:39:47
150,40.0083,116.478283333333,2007-08-07 00:39:54
150,40.0082333333333,116.480016666667,2007-08-07 09:51:35
150,40.00805,116.479733333333,2007-08-07 09:53:36
150,40.0078,116.479383333333,2007-08-07 09:53:46
150,40.0076,116.479033333333,2007-08-07 09:53:54
150,40.00765,116.478616666667,2007-08-07 09:54:02
150,40.0089333333333,116.47705,2007-08-07 09:54:37
150,40.00935,116.476316666667,2007-08-07 09:54:52
150,40.0100666666667,116.47425,2007-08-07 09:55:11
150,40.0102666666667,116.472883333333,2007-08-07 09:55:23
150,40.0103,116.46175,2007-08-07 09:57:42
150,40.0102333333333,116.461466666667,2007-08-07 09:57:55
150,40.0123,116.4611,2007-08-07 09:58:35
150,40.0123166666667,116.460866666667,2007-08-07 09:58:54
150,40.0139833333333,116.46075,2007-08-07 09:59:31
150,40.0143166666667,116.460783333333,2007-08-07 09:59:38
150,40.0145166666667,116.460333333333,2007-08-07 09:59:51
150,40.0145,116.459316666667,2007-08-07 10:00:03
150,40.0138833333333,116.4567,2007-08-07 10:00:26
150,40.0141166666667,116.45305,2007-08-07 10:00:49
150,40.0147666666667,116.450433333333,2007-08-07 10:01:05
150,40.01545,116.448366666667,2007-08-07 10:01:25
150,40.0159,116.447983333333,2007-08-07 10:01:32
150,40.0162833333333,116.448133333333,2007-08-07 10:01:37
150,40.0164833333333,116.44875,2007-08-07 10:01:43
150,40.0162333333333,116.449333333333,2007-08-07 10:01:49
150,40.0148666666667,116.449116666667,2007-08-07 10:02:02
150,39.9973333333333,116.4432,2007-08-07 10:03:43
150,39.9909666666667,116.439066666667,2007-08-07 10:04:32
150,39.9899333333333,116.438333333333,2007-08-07 10:04:53
150,39.9888333333333,116.4373,2007-08-07 10:05:09
150,39.9880333333333,116.436116666667,2007-08-07 10:05:20
150,39.9876666666667,116.434816666667,2007-08-07 10:05:29
150,39.9876666666667,116.43305,2007-08-07 10:05:41
150,39.9874333333333,116.415783333333,2007-08-07 10:07:53
150,39.9873666666667,116.414433333333,2007-08-07 10:08:07
150,39.985,116.329266666667,2007-08-07 10:18:33
150,39.9848666666667,116.32785,2007-08-07 10:18:52
150,39.9848666666667,116.3274,2007-08-07 10:19:56
150,39.9847333333333,116.3272,2007-08-07 10:20:01
150,39.9826,116.327183333333,2007-08-07 10:20:41
150,39.9822833333333,116.327216666667,2007-08-07 10:20:59
150,39.98205,116.327166666667,2007-08-07 10:21:25
150,39.98175,116.327133333333,2007-08-07 10:22:03
150,39.98085,116.32705,2007-08-07 10:27:34
150,39.9808,116.32715,2007-08-07 10:27:39
150,39.9802333333333,116.327116666667,2007-08-07 10:28:03
150,39.9775666666667,116.327266666667,2007-08-07 10:28:38
150,39.9774,116.32735,2007-08-07 10:29:05
150,39.97695,116.327366666667,2007-08-07 10:29:19
150,39.9765333333333,116.32735,2007-08-07 10:29:26
150,39.9760166666667,116.327416666667,2007-08-07 10:30:08
150,39.97585,116.3274,2007-08-07 10:30:12
150,39.97515,116.3393,2007-08-07 10:36:15
150,39.9753666666667,116.339383333333,2007-08-07 10:36:57
150,39.9755333333333,116.3394,2007-08-07 10:37:07
150,39.9758,116.339466666667,2007-08-07 10:37:21
150,39.9760833333333,116.339483333333,2007-08-07 10:37:40
150,39.9762666666667,116.339483333333,2007-08-07 10:37:54
150,39.9765666666667,116.339466666667,2007-08-07 10:38:09
150,39.9768,116.339416666667,2007-08-07 10:38:24
150,39.9769166666667,116.339566666667,2007-08-07 10:38:35
150,39.9773,116.339633333333,2007-08-07 10:39:08
150,39.9774833333333,116.339616666667,2007-08-07 10:39:18
150,39.9777333333333,116.339533333333,2007-08-07 10:39:37
150,39.9778833333333,116.339533333333,2007-08-07 10:39:47
150,39.9779166666667,116.33985,2007-08-07 10:40:05
150,39.9779166666667,116.34015,2007-08-07 10:40:18
150,39.9779666666667,116.34035,2007-08-07 10:40:31
150,39.9779833333333,116.340733333333,2007-08-07 10:41:47
150,39.9780333333333,116.341033333333,2007-08-07 10:42:25
150,39.9780666666667,116.341683333333,2007-08-07 10:43:07
150,39.978,116.342,2007-08-07 10:43:28
150,39.9780333333333,116.342716666667,2007-08-07 10:44:09
150,39.9781166666667,116.343066666667,2007-08-07 10:44:32
150,39.97815,116.343616666667,2007-08-07 10:45:08
150,39.9782333333333,116.34385,2007-08-07 10:45:28
150,39.9783833333333,116.343933333333,2007-08-07 10:45:42
150,39.9785666666667,116.343983333333,2007-08-07 10:45:57
150,39.9787833333333,116.34405,2007-08-07 10:46:18
150,39.9789333333333,116.344016666667,2007-08-07 10:46:32
150,39.9791166666667,116.344,2007-08-07 10:46:43
150,39.9792333333333,116.343883333333,2007-08-07 10:46:53
150,39.9792833333333,116.343466666667,2007-08-07 10:47:08
150,39.9789166666667,116.344966666667,2007-08-07 15:12:37
150,39.9790333333333,116.344783333333,2007-08-07 15:12:43
150,39.9791166666667,116.344616666667,2007-08-07 15:13:07
150,39.9790166666667,116.344433333333,2007-08-07 15:14:06
150,39.9791666666667,116.3447,2007-08-07 15:17:23
150,39.9793666666667,116.344883333333,2007-08-07 15:17:25
150,39.9792,116.3448,2007-08-07 15:17:37
150,39.9786833333333,116.34435,2007-08-07 15:17:40
150,39.9784833333333,116.3442,2007-08-07 15:17:47
150,39.9782833333333,116.34415,2007-08-07 15:18:05
150,39.97795,116.344166666667,2007-08-07 15:18:32
150,39.9778333333333,116.344033333333,2007-08-07 15:20:03
150,39.9780333333333,116.34265,2007-08-07 15:20:07
150,39.9778833333333,116.342566666667,2007-08-07 15:20:28
150,39.9778833333333,116.3423,2007-08-07 15:20:46
150,39.9778833333333,116.342016666667,2007-08-07 15:21:09
150,39.97795,116.341733333333,2007-08-07 15:21:31
150,39.9779333333333,116.341316666667,2007-08-07 15:22:01
150,39.9779333333333,116.340933333333,2007-08-07 15:22:30
150,39.9779166666667,116.340766666667,2007-08-07 15:23:45
150,39.9779333333333,116.34025,2007-08-07 15:24:32
150,39.9779166666667,116.339983333333,2007-08-07 15:24:52
150,39.9778833333333,116.339683333333,2007-08-07 15:25:13
150,39.9777166666667,116.339483333333,2007-08-07 15:25:36
150,39.9774,116.3395,2007-08-07 15:26:07
150,39.9771666666667,116.339533333333,2007-08-07 15:26:36
150,39.9767666666667,116.3396,2007-08-07 15:27:06
150,39.9767166666667,116.339383333333,2007-08-07 15:27:16
150,39.9765333333333,116.3393,2007-08-07 15:27:43
150,39.9763333333333,116.33925,2007-08-07 15:27:56
150,39.9768833333333,116.338816666667,2007-08-07 15:28:08
150,39.9770833333333,116.338616666667,2007-08-07 15:28:16
150,39.9774166666667,116.338333333333,2007-08-07 15:28:26
150,39.9772,116.33815,2007-08-07 15:28:41
150,39.9770666666667,116.337966666667,2007-08-07 15:29:00
150,39.9770333333333,116.337783333333,2007-08-07 15:29:15
150,39.9769833333333,116.33795,2007-08-07 15:29:52
150,39.9768,116.337716666667,2007-08-07 23:14:22
150,39.9769666666667,116.338016666667,2007-08-07 23:14:55
150,39.9769,116.337916666667,2007-08-07 23:18:40
150,39.9768333333333,116.337766666667,2007-08-07 23:23:52
150,39.97665,116.337766666667,2007-08-07 23:24:00
150,39.9751,116.338633333333,2007-08-07 23:29:13
150,39.9752166666667,116.338716666667,2007-08-07 23:29:23
150,39.9751333333333,116.338633333333,2007-08-07 23:29:30
150,39.9692666666667,116.313466666667,2007-08-07 23:42:17
150,39.9690833333333,116.313466666667,2007-08-07 23:42:29
150,39.9688666666667,116.313583333333,2007-08-07 23:42:50
150,39.9685666666667,116.313716666667,2007-08-07 23:43:10
150,39.9683166666667,116.313716666667,2007-08-07 23:43:38
150,39.9681,116.313833333333,2007-08-07 23:43:59
150,39.9679,116.313883333333,2007-08-07 23:44:23
150,39.96795,116.314233333333,2007-08-07 23:44:46
150,39.968,116.314433333333,2007-08-07 23:45:02
150,39.9678666666667,116.3145,2007-08-07 23:45:25
150,39.96775,116.314616666667,2007-08-07 23:46:54
150,39.9675833333333,116.31465,2007-08-07 23:47:15
150,39.9675,116.314533333333,2007-08-07 23:54:25
150,39.9678833333333,116.314383333333,2007-08-07 23:58:20
150,39.9681666666667,116.3143,2007-08-07 23:58:30
150,39.9683833333333,116.3142,2007-08-07 23:58:40
150,39.9685666666667,116.314033333333,2007-08-07 23:58:57
150,39.9701333333333,116.313333333333,2007-08-07 23:59:27
150,39.9737333333333,116.311733333333,2007-08-08 00:00:47
150,39.9742666666667,116.311516666667,2007-08-08 00:00:55
150,39.9747333333333,116.31135,2007-08-08 00:01:02
150,39.9754666666667,116.311066666667,2007-08-08 00:01:13
150,39.9765166666667,116.310816666667,2007-08-08 00:01:26
150,39.9790666666667,116.310616666667,2007-08-08 00:01:57
150,39.9791333333333,116.31045,2007-08-08 00:02:36
150,39.98065,116.310316666667,2007-08-08 00:03:01
150,39.98085,116.31015,2007-08-08 00:03:25
150,39.9815833333333,116.310133333333,2007-08-08 00:03:37
150,39.9820833333333,116.309966666667,2007-08-08 00:03:42
150,39.9836,116.309966666667,2007-08-08 00:04:17
150,39.9837333333333,116.310083333333,2007-08-08 00:04:35
150,39.9838666666667,116.310233333333,2007-08-08 00:04:58
150,39.9865333333333,116.381416666667,2007-08-08 00:11:51
150,39.9866,116.385333333333,2007-08-08 00:12:43
150,39.98665,116.388233333333,2007-08-08 00:13:34
150,39.9879166666667,116.429766666667,2007-08-08 00:19:57
150,39.9876333333333,116.431933333333,2007-08-08 00:20:18
150,39.9872666666667,116.432916666667,2007-08-08 00:20:26
150,39.9865166666667,116.434166666667,2007-08-08 00:20:38
150,39.986,116.4349,2007-08-08 00:20:46
150,39.98565,116.435783333333,2007-08-08 00:20:54
150,39.9856333333333,116.43665,2007-08-08 00:21:01
150,39.98605,116.4376,2007-08-08 00:21:09
150,39.98665,116.43805,2007-08-08 00:21:15
150,39.9883,116.438366666667,2007-08-08 00:21:29
150,39.99185,116.440366666667,2007-08-08 00:22:03
150,39.99975,116.444733333333,2007-08-08 00:22:54
150,40.012,116.449083333333,2007-08-08 00:24:12
150,40.0128333333333,116.449883333333,2007-08-08 00:24:20
150,40.0135666666667,116.4514,2007-08-08 00:24:31
150,40.0137666666667,116.452666666667,2007-08-08 00:24:39
150,40.0134666666667,116.474333333333,2007-08-08 00:26:41
150,40.0133166666667,116.474933333333,2007-08-08 00:26:47
150,40.0130333333333,116.475083333333,2007-08-08 00:26:54
150,40.0127833333333,116.475,2007-08-08 00:27:02
150,40.0126333333333,116.474966666667,2007-08-08 00:27:16
150,40.0117,116.477566666667,2007-08-08 00:28:05
150,40.0113,116.478433333333,2007-08-08 00:28:30
150,40.0097333333333,116.48085,2007-08-08 00:28:56
150,40.0094666666667,116.481116666667,2007-08-08 00:29:00
150,40.0092666666667,116.481316666667,2007-08-08 00:29:14
150,40.0090333333333,116.481183333333,2007-08-08 00:29:27
150,40.0077,116.479083333333,2007-08-08 00:30:02
150,40.0077333333333,116.478716666667,2007-08-08 00:30:09
150,40.0085166666667,116.477933333333,2007-08-08 00:30:27
150,40.0086833333333,116.477766666667,2007-08-08 00:30:57
150,40.0088166666667,116.477966666667,2007-08-08 00:31:17
150,40.0086833333333,116.478133333333,2007-08-08 00:31:33
150,40.0085,116.47825,2007-08-08 00:31:57
150,40.0083166666667,116.47805,2007-08-08 00:32:07
150,40.01425,116.448966666667,2007-08-08 10:03:15
150,39.99955,116.444116666667,2007-08-08 10:04:35
150,39.9929166666667,116.440233333333,2007-08-08 10:05:36
150,39.9927,116.440183333333,2007-08-08 10:05:48
150,39.99245,116.440016666667,2007-08-08 10:05:58
150,39.9922333333333,116.439883333333,2007-08-08 10:06:14
150,39.9918166666667,116.439633333333,2007-08-08 10:06:27
150,39.9914,116.439383333333,2007-08-08 10:06:37
150,39.9912333333333,116.439283333333,2007-08-08 10:06:51
150,39.9910333333333,116.43915,2007-08-08 10:07:05
150,39.9908166666667,116.438933333333,2007-08-08 10:07:43
150,39.9906,116.43885,2007-08-08 10:07:53
150,39.9904666666667,116.438683333333,2007-08-08 10:08:16
150,39.9901833333333,116.438516666667,2007-08-08 10:08:30
150,39.99,116.438466666667,2007-08-08 10:08:45
150,39.9897,116.4383,2007-08-08 10:08:57
150,39.9894333333333,116.438066666667,2007-08-08 10:09:06
150,39.98905,116.43765,2007-08-08 10:09:20
150,39.988,116.436166666667,2007-08-08 10:09:37
150,39.9876333333333,116.434883333333,2007-08-08 10:09:45
150,39.9876,116.4341,2007-08-08 10:09:53
150,39.9876833333333,116.433466666667,2007-08-08 10:10:22
150,39.9876833333333,116.433083333333,2007-08-08 10:10:44
150,39.9878,116.43215,2007-08-08 10:11:08
150,39.9878,116.431966666667,2007-08-08 10:11:19
150,39.9878666666667,116.4317,2007-08-08 10:11:29
150,39.9878833333333,116.431333333333,2007-08-08 10:11:39
150,39.9879,116.4308,2007-08-08 10:11:54
150,39.9878666666667,116.4272,2007-08-08 10:12:38
150,39.9874333333333,116.41045,2007-08-08 10:16:30
150,39.9874,116.4084,2007-08-08 10:17:02
150,39.9872333333333,116.4043,2007-08-08 10:18:14
150,39.9871166666667,116.402633333333,2007-08-08 10:19:01
150,39.9868666666667,116.3945,2007-08-08 10:21:13
150,39.9867333333333,116.39025,2007-08-08 10:23:02
150,39.9866666666667,116.387816666667,2007-08-08 10:23:45
150,39.9866666666667,116.38645,2007-08-08 10:24:02
150,39.9865166666667,116.378783333333,2007-08-08 10:26:37
150,39.9854,116.34225,2007-08-08 10:35:01
150,39.9848666666667,116.330583333333,2007-08-08 10:36:15
150,39.9848833333333,116.328933333333,2007-08-08 10:36:26
150,39.98485,116.32815,2007-08-08 10:36:42
150,39.9857333333333,116.327416666667,2007-08-08 10:36:49
150,39.9856666666667,116.327283333333,2007-08-08 10:37:29
150,39.98545,116.327166666667,2007-08-08 10:37:46
150,39.9851833333333,116.3272,2007-08-08 10:38:09
150,39.9849833333333,116.327233333333,2007-08-08 10:38:21
150,39.9848166666667,116.327283333333,2007-08-08 10:38:34
150,39.9846666666667,116.3274,2007-08-08 10:38:48
150,39.9845333333333,116.3275,2007-08-08 10:39:22
150,39.9844666666667,116.327266666667,2007-08-08 10:40:09
150,39.9844166666667,116.32705,2007-08-08 10:40:25
150,39.9844166666667,116.326866666667,2007-08-08 10:40:34
150,39.9844,116.326533333333,2007-08-08 10:40:52
150,39.98425,116.326166666667,2007-08-08 10:41:28
150,39.9843166666667,116.325783333333,2007-08-08 10:41:44
150,39.9843333333333,116.32545,2007-08-08 10:41:59
150,39.9843166666667,116.324916666667,2007-08-08 10:42:12
150,39.9843166666667,116.324683333333,2007-08-08 10:42:41
150,39.9843166666667,116.324466666667,2007-08-08 10:43:02
150,39.98435,116.324233333333,2007-08-08 10:44:37
150,39.9844166666667,116.3253,2007-08-08 10:45:14
150,39.98495,116.339033333333,2007-08-08 10:50:20
150,39.9849166666667,116.339716666667,2007-08-08 10:50:59
150,39.9849833333333,116.341466666667,2007-08-08 10:51:37
150,39.98505,116.341783333333,2007-08-08 10:52:11
150,39.9850333333333,116.342066666667,2007-08-08 10:52:23
150,39.9849833333333,116.342266666667,2007-08-08 10:52:39
150,39.9850166666667,116.342916666667,2007-08-08 10:53:15
150,39.98515,116.343083333333,2007-08-08 10:53:30
150,39.9851333333333,116.343516666667,2007-08-08 10:53:57
150,39.9851,116.343766666667,2007-08-08 10:54:19
150,39.9851333333333,116.344316666667,2007-08-08 10:54:56
150,39.9851166666667,116.34455,2007-08-08 10:55:15
150,39.9851666666667,116.344766666667,2007-08-08 10:55:31
150,39.98495,116.344983333333,2007-08-08 10:55:45
150,39.9848166666667,116.345316666667,2007-08-08 10:56:07
150,39.9847333333333,116.3456,2007-08-08 10:56:25
150,39.9846666666667,116.3458,2007-08-08 10:56:40
150,39.9845166666667,116.346066666667,2007-08-08 10:57:02
150,39.9843666666667,116.346316666667,2007-08-08 10:57:14
150,39.9842166666667,116.3463,2007-08-08 10:57:31
150,39.9841,116.346383333333,2007-08-08 10:57:44
150,39.9839,116.3465,2007-08-08 10:58:01
150,39.9837166666667,116.346516666667,2007-08-08 10:58:17
150,39.9836833333333,116.346716666667,2007-08-08 10:58:31
150,39.9836333333333,116.346933333333,2007-08-08 10:58:44
150,39.9834666666667,116.347,2007-08-08 10:59:02
150,39.9833333333333,116.347083333333,2007-08-08 10:59:15
150,39.9830833333333,116.347133333333,2007-08-08 10:59:35
150,39.9828333333333,116.34715,2007-08-08 10:59:54
150,39.9825,116.347183333333,2007-08-08 11:00:16
150,39.9823666666667,116.347183333333,2007-08-08 11:00:35
150,39.9822,116.34725,2007-08-08 11:00:54
150,39.9819666666667,116.34725,2007-08-08 11:01:02
150,39.9817666666667,116.34725,2007-08-08 11:01:17
150,39.9815166666667,116.3473,2007-08-08 11:01:39
150,39.9812666666667,116.347333333333,2007-08-08 11:01:58
150,39.9811,116.347383333333,2007-08-08 11:02:10
150,39.98085,116.3474,2007-08-08 11:02:30
150,39.98065,116.347366666667,2007-08-08 11:02:50
150,39.9805166666667,116.3474,2007-08-08 11:04:20
150,39.9803333333333,116.34735,2007-08-08 11:04:53
150,39.9801666666667,116.34735,2007-08-08 11:05:17
150,39.9800166666667,116.347416666667,2007-08-08 11:05:34
150,39.97985,116.347416666667,2007-08-08 11:05:53
150,39.9796166666667,116.347416666667,2007-08-08 11:06:18
150,39.9793666666667,116.347416666667,2007-08-08 11:06:44
150,39.97915,116.347416666667,2007-08-08 11:07:09
150,39.9789666666667,116.347416666667,2007-08-08 11:07:29
150,39.9787666666667,116.34745,2007-08-08 11:07:50
150,39.9788,116.347183333333,2007-08-08 11:08:15
150,39.97905,116.347083333333,2007-08-08 11:08:41
150,39.9793333333333,116.346883333333,2007-08-08 11:09:07
150,39.9795666666667,116.346766666667,2007-08-08 11:09:58
150,39.9793166666667,116.3462,2007-08-08 11:10:02
150,39.9792333333333,116.346016666667,2007-08-08 11:10:12
150,39.9791833333333,116.345683333333,2007-08-08 11:10:31
150,39.9789666666667,116.345283333333,2007-08-08 11:10:44
150,39.97905,116.34475,2007-08-08 11:11:10
150,39.9795666666667,116.34555,2007-08-08 11:11:12
150,39.9786666666667,116.345333333333,2007-08-08 11:11:14
150,39.9786,116.345133333333,2007-08-08 11:11:20
150,39.98375,116.336866666667,2007-08-08 14:08:35
150,39.9853666666667,116.334916666667,2007-08-08 14:08:40
150,39.9852333333333,116.335166666667,2007-08-08 14:08:49
150,39.97865,116.343483333333,2007-08-08 14:09:09
150,39.97845,116.343583333333,2007-08-08 14:09:14
150,39.9783166666667,116.3435,2007-08-08 14:09:33
150,39.9782333333333,116.343016666667,2007-08-08 14:10:15
150,39.9782333333333,116.342733333333,2007-08-08 14:10:38
150,39.9782333333333,116.342316666667,2007-08-08 14:11:19
150,39.9782333333333,116.342083333333,2007-08-08 14:11:33
150,39.9782,116.341866666667,2007-08-08 14:12:01
150,39.9781833333333,116.34145,2007-08-08 14:12:33
150,39.9781833333333,116.341183333333,2007-08-08 14:12:55
150,39.9782,116.34095,2007-08-08 14:13:11
150,39.9781833333333,116.340566666667,2007-08-08 14:13:41
150,39.97815,116.339916666667,2007-08-08 14:14:24
150,39.97795,116.339816666667,2007-08-08 14:14:47
150,39.97775,116.339766666667,2007-08-08 14:15:06
150,39.9775333333333,116.33975,2007-08-08 14:15:26
150,39.9773833333333,116.3397,2007-08-08 14:15:42
150,39.9771,116.339733333333,2007-08-08 14:16:10
150,39.9768833333333,116.339466666667,2007-08-08 14:17:04
150,39.97675,116.339366666667,2007-08-08 14:17:17
150,39.9766666666667,116.33915,2007-08-08 14:17:38
150,39.9766166666667,116.338933333333,2007-08-08 14:17:53
150,39.9766166666667,116.338583333333,2007-08-08 14:18:18
150,39.9765333333333,116.338416666667,2007-08-08 14:18:32
150,39.9766166666667,116.3381,2007-08-08 14:18:54
150,39.9766333333333,116.3378,2007-08-09 00:36:06
150,39.97655,116.337916666667,2007-08-09 00:41:09
150,39.9764,116.337883333333,2007-08-09 00:41:17
150,39.97545,116.336966666667,2007-08-09 00:49:54
150,39.9754833333333,116.337266666667,2007-08-09 00:49:58
150,39.9756333333333,116.337683333333,2007-08-09 00:50:38
150,39.97575,116.3378,2007-08-09 00:50:53
150,39.9758333333333,116.338083333333,2007-08-09 00:51:09
150,39.9760333333333,116.33815,2007-08-09 00:51:29
150,39.9761333333333,116.3384,2007-08-09 00:51:51
150,39.9763166666667,116.338566666667,2007-08-09 00:52:05
150,39.9764,116.338766666667,2007-08-09 00:52:21
150,39.9765,116.33905,2007-08-09 00:52:46
150,39.9766833333333,116.339166666667,2007-08-09 00:53:15
150,39.9768666666667,116.3394,2007-08-09 00:53:31
150,39.97705,116.339433333333,2007-08-09 00:53:51
150,39.9772333333333,116.339433333333,2007-08-09 00:54:10
150,39.9775,116.339466666667,2007-08-09 00:54:30
150,39.9776833333333,116.339466666667,2007-08-09 00:54:43
150,39.9778833333333,116.339533333333,2007-08-09 00:54:57
150,39.9779166666667,116.339916666667,2007-08-09 00:55:23
150,39.9779833333333,116.34015,2007-08-09 00:55:39
150,39.9780166666667,116.340383333333,2007-08-09 00:55:59
150,39.9780333333333,116.340633333333,2007-08-09 00:56:27
150,39.9780666666667,116.341416666667,2007-08-09 00:58:00
150,39.9780333333333,116.342033333333,2007-08-09 00:58:42
150,39.97805,116.342233333333,2007-08-09 00:58:54
150,39.9780333333333,116.342466666667,2007-08-09 00:59:11
150,39.9780333333333,116.342716666667,2007-08-09 00:59:32
150,39.9782166666667,116.34275,2007-08-09 00:59:50
150,39.97815,116.343016666667,2007-08-09 01:00:02
150,39.9781,116.34325,2007-08-09 01:00:16
150,39.9781333333333,116.34355,2007-08-09 01:00:30
150,39.9781166666667,116.343866666667,2007-08-09 01:00:43
150,39.9782166666667,116.34395,2007-08-09 01:01:14
150,39.9784,116.3439,2007-08-09 01:01:52
150,39.9786333333333,116.3439,2007-08-09 01:02:22
150,39.9787666666667,116.34385,2007-08-09 01:02:39
150,39.9788833333333,116.344,2007-08-09 01:02:52
150,39.97775,116.341716666667,2007-08-09 10:23:11
150,39.97765,116.3418,2007-08-09 10:23:15
150,39.9777833333333,116.341883333333,2007-08-09 10:23:31
150,39.9779333333333,116.342016666667,2007-08-09 10:23:48
150,39.9779833333333,116.3422,2007-08-09 10:24:01
150,39.9780166666667,116.342483333333,2007-08-09 10:24:19
150,39.97815,116.342766666667,2007-08-09 10:24:43
150,39.9782,116.343016666667,2007-08-09 10:25:07
150,39.9781833333333,116.343316666667,2007-08-09 10:25:25
150,39.9781666666667,116.343583333333,2007-08-09 10:25:39
150,39.9781,116.343916666667,2007-08-09 10:25:58
150,39.97825,116.344033333333,2007-08-09 10:26:13
150,39.9784833333333,116.344083333333,2007-08-09 10:26:38
150,39.9787,116.344083333333,2007-08-09 10:26:59
150,39.97885,116.344116666667,2007-08-09 10:27:14
150,39.9789,116.34425,2007-08-09 10:27:30
150,39.9785666666667,116.343933333333,2007-08-09 15:51:35
150,39.9783833333333,116.3441,2007-08-09 15:51:54
150,39.9780333333333,116.344133333333,2007-08-09 15:52:24
150,39.9780166666667,116.343866666667,2007-08-09 15:54:03
150,39.9779666666667,116.34295,2007-08-09 15:54:05
150,39.978,116.342683333333,2007-08-09 15:54:19
150,39.978,116.342316666667,2007-08-09 15:54:45
150,39.9779833333333,116.34205,2007-08-09 15:55:01
150,39.978,116.34155,2007-08-09 15:55:33
150,39.9779666666667,116.3412,2007-08-09 15:55:52
150,39.97795,116.340766666667,2007-08-09 15:56:18
150,39.9779166666667,116.340333333333,2007-08-09 15:56:44
150,39.9778833333333,116.339916666667,2007-08-09 15:57:12
150,39.9778833333333,116.3397,2007-08-09 15:57:24
150,39.97785,116.339516666667,2007-08-09 15:57:38
150,39.97755,116.339466666667,2007-08-09 15:58:09
150,39.97725,116.339516666667,2007-08-09 15:58:35
150,39.9769666666667,116.339533333333,2007-08-09 15:58:54
150,39.9765833333333,116.3393,2007-08-09 15:59:30
150,39.9764833333333,116.33905,2007-08-09 15:59:47
150,39.9765833333333,116.3388,2007-08-09 16:00:01
150,39.9765166666667,116.338583333333,2007-08-09 16:00:17
150,39.97665,116.33835,2007-08-09 16:00:41
150,39.9768,116.338166666667,2007-08-09 16:00:46
150,39.97675,116.33765,2007-08-09 23:14:29
150,39.9768333333333,116.337933333333,2007-08-09 23:23:06
150,39.97655,116.338083333333,2007-08-09 23:24:06
150,39.9763833333333,116.338066666667,2007-08-09 23:24:22
150,39.9765,116.337983333333,2007-08-09 23:24:28
150,39.9762833333333,116.33795,2007-08-09 23:25:12
150,39.9760833333333,116.337866666667,2007-08-09 23:25:28
150,39.9759666666667,116.33775,2007-08-09 23:26:03
150,39.97545,116.3381,2007-08-09 23:26:10
150,39.9752333333333,116.338033333333,2007-08-09 23:26:37
150,39.9751666666667,116.338266666667,2007-08-09 23:26:57
150,39.9752166666667,116.33855,2007-08-09 23:27:44
150,39.9752666666667,116.3384,2007-08-09 23:28:44
150,39.9721,116.312883333333,2007-08-09 23:46:21
150,39.9719,116.312883333333,2007-08-09 23:46:31
150,39.9717166666667,116.312833333333,2007-08-09 23:46:49
150,39.9716,116.3129,2007-08-09 23:47:04
150,39.97145,116.31295,2007-08-09 23:47:21
150,39.9712333333333,116.313083333333,2007-08-09 23:47:32
150,39.9708833333333,116.313233333333,2007-08-09 23:47:55
150,39.9706166666667,116.3132,2007-08-09 23:48:12
150,39.9704333333333,116.313216666667,2007-08-09 23:48:26
150,39.9701,116.313366666667,2007-08-09 23:48:50
150,39.9698666666667,116.31335,2007-08-09 23:49:05
150,39.9696833333333,116.313416666667,2007-08-09 23:49:18
150,39.96955,116.3137,2007-08-09 23:49:37
150,39.96925,116.3138,2007-08-09 23:49:57
150,39.9690833333333,116.313883333333,2007-08-09 23:50:09
150,39.9688833333333,116.313983333333,2007-08-09 23:50:27
150,39.9687166666667,116.313983333333,2007-08-09 23:50:39
150,39.9685833333333,116.31405,2007-08-09 23:50:50
150,39.9684,116.314083333333,2007-08-09 23:51:06
150,39.9681833333333,116.3141,2007-08-09 23:51:22
150,39.96805,116.31425,2007-08-09 23:51:32
150,39.9678,116.314466666667,2007-08-09 23:52:19
150,39.9676833333333,116.314366666667,2007-08-09 23:53:05
150,39.9678333333333,116.314233333333,2007-08-09 23:57:48
150,39.9682333333333,116.314066666667,2007-08-09 23:57:59
150,39.9689166666667,116.313766666667,2007-08-09 23:58:19
150,39.9691833333333,116.313616666667,2007-08-09 23:58:40
150,39.9693166666667,116.31355,2007-08-09 23:58:57
150,39.96945,116.31355,2007-08-09 23:59:15
150,39.9696,116.313483333333,2007-08-10 00:00:04
150,39.9699166666667,116.313266666667,2007-08-10 00:00:21
150,39.9701333333333,116.313183333333,2007-08-10 00:00:27
150,39.9708833333333,116.312866666667,2007-08-10 00:00:44
150,39.9716333333333,116.31265,2007-08-10 00:01:18
150,39.9724166666667,116.312266666667,2007-08-10 00:01:34
150,39.97355,116.3118,2007-08-10 00:02:01
150,39.9736666666667,116.311566666667,2007-08-10 00:03:13
150,39.9740833333333,116.3114,2007-08-10 00:03:21
150,39.9745833333333,116.311216666667,2007-08-10 00:03:29
150,39.976,116.310783333333,2007-08-10 00:03:56
150,39.9763833333333,116.310666666667,2007-08-10 00:04:09
150,39.97765,116.3106,2007-08-10 00:04:27
150,39.9787833333333,116.310483333333,2007-08-10 00:04:42
150,39.9789166666667,116.31045,2007-08-10 00:04:58
150,39.9790333333333,116.310283333333,2007-08-10 00:05:41
150,39.9802166666667,116.310233333333,2007-08-10 00:06:01
150,39.9805833333333,116.3102,2007-08-10 00:06:07
150,39.98055,116.310083333333,2007-08-10 00:06:20
150,39.98095,116.310016666667,2007-08-10 00:06:49
150,39.98145,116.310016666667,2007-08-10 00:07:05
150,39.9818333333333,116.309933333333,2007-08-10 00:07:14
150,39.98265,116.309916666667,2007-08-10 00:07:27
150,39.9827833333333,116.309766666667,2007-08-10 00:07:46
150,39.9832333333333,116.309633333333,2007-08-10 00:08:07
150,39.9835333333333,116.3096,2007-08-10 00:08:29
150,39.9837833333333,116.311816666667,2007-08-10 00:08:51
150,39.9850666666667,116.334666666667,2007-08-10 00:10:52
150,39.9878833333333,116.4298,2007-08-10 00:21:08
150,39.9878666666667,116.430533333333,2007-08-10 00:21:15
150,39.9876833333333,116.431966666667,2007-08-10 00:21:26
150,39.9870666666667,116.43335,2007-08-10 00:21:38
150,39.9857333333333,116.435433333333,2007-08-10 00:22:02
150,39.9856166666667,116.4362,2007-08-10 00:22:09
150,39.9857333333333,116.436983333333,2007-08-10 00:22:16
150,39.9861,116.437633333333,2007-08-10 00:22:23
150,39.9865333333333,116.437983333333,2007-08-10 00:22:29
150,39.9879666666667,116.438233333333,2007-08-10 00:22:48
150,40.0046833333333,116.446416666667,2007-08-10 00:25:01
150,40.0120333333333,116.449083333333,2007-08-10 00:25:50
150,40.0128,116.449766666667,2007-08-10 00:25:57
150,40.0135666666667,116.4512,2007-08-10 00:26:09
150,40.0138,116.452283333333,2007-08-10 00:26:17
150,40.0136833333333,116.4732,2007-08-10 00:28:06
150,40.01335,116.4751,2007-08-10 00:28:21
150,40.0127166666667,116.475,2007-08-10 00:28:49
150,40.0119,116.477283333333,2007-08-10 00:29:23
150,40.0118,116.477566666667,2007-08-10 00:29:36
150,40.0116666666667,116.477866666667,2007-08-10 00:29:48
150,40.0101333333333,116.4804,2007-08-10 00:30:19
150,40.0095166666667,116.48105,2007-08-10 00:30:32
150,40.0092833333333,116.481316666667,2007-08-10 00:30:47
150,40.0090666666667,116.481233333333,2007-08-10 00:30:56
150,40.00775,116.479266666667,2007-08-10 00:31:25
150,40.0076666666667,116.478966666667,2007-08-10 00:31:31
150,40.0078833333333,116.478583333333,2007-08-10 00:31:39
150,40.0083333333333,116.478133333333,2007-08-10 00:31:51
150,40.0085,116.477966666667,2007-08-10 00:32:20
150,40.0086333333333,116.477833333333,2007-08-10 00:32:30
150,40.00875,116.47795,2007-08-10 00:32:45
150,40.0085333333333,116.478066666667,2007-08-10 00:32:59
150,40.0084,116.478233333333,2007-08-10 00:33:22
150,40.0082666666667,116.478183333333,2007-08-10 00:33:31
150,40.0078333333333,116.476816666667,2007-08-10 09:51:41
150,40.0079,116.4764,2007-08-10 09:51:47
150,40.0081166666667,116.4759,2007-08-10 09:51:52
150,40.0080666666667,116.475216666667,2007-08-10 09:52:02
150,40.0080833333333,116.4732,2007-08-10 09:52:29
150,40.0076833333333,116.473316666667,2007-08-10 09:52:33
150,40.0075333333333,116.473016666667,2007-08-10 09:52:39
150,40.0074666666667,116.472683333333,2007-08-10 09:52:47
150,40.00745,116.472516666667,2007-08-10 09:53:16
150,40.0073166666667,116.461983333333,2007-08-10 09:55:16
150,40.0072166666667,116.46165,2007-08-10 09:55:44
150,40.00685,116.461316666667,2007-08-10 09:55:55
150,40.0038166666667,116.461383333333,2007-08-10 09:56:32
150,40.0035833333333,116.460816666667,2007-08-10 09:56:42
150,40.00355,116.459616666667,2007-08-10 09:57:04
150,40.0034833333333,116.459116666667,2007-08-10 09:57:18
150,40.0034166666667,116.455466666667,2007-08-10 09:57:51
150,40.0035833333333,116.454666666667,2007-08-10 09:58:06
150,40.0028833333333,116.452833333333,2007-08-10 09:58:12
150,40.0025,116.452216666667,2007-08-10 09:58:20
150,40.0022166666667,116.452,2007-08-10 09:58:29
150,40.0016833333333,116.4518,2007-08-10 09:58:38
150,39.9999333333333,116.45165,2007-08-10 09:59:04
150,39.9972166666667,116.4515,2007-08-10 09:59:36
150,39.9962166666667,116.451316666667,2007-08-10 09:59:51
150,39.9959166666667,116.4512,2007-08-10 09:59:58
150,39.9957,116.44735,2007-08-10 10:00:34
150,39.9956,116.4471,2007-08-10 10:00:45
150,39.9954166666667,116.44685,2007-08-10 10:00:53
150,39.9952166666667,116.445983333333,2007-08-10 10:01:03
150,39.99475,116.444733333333,2007-08-10 10:01:15
150,39.99435,116.442533333333,2007-08-10 10:01:33
150,39.9941666666667,116.44225,2007-08-10 10:01:39
150,39.9937833333333,116.442,2007-08-10 10:01:51
150,39.993,116.441466666667,2007-08-10 10:02:07
150,39.99275,116.441283333333,2007-08-10 10:02:13
150,39.9923833333333,116.44105,2007-08-10 10:02:23
150,39.9922166666667,116.44095,2007-08-10 10:02:30
150,39.9921666666667,116.441083333333,2007-08-10 10:03:15
150,39.9924666666667,116.44125,2007-08-10 10:03:44
150,39.9927833333333,116.441533333333,2007-08-10 10:04:14
150,39.9929666666667,116.441616666667,2007-08-10 10:04:29
150,39.9931666666667,116.441733333333,2007-08-10 10:04:45
150,39.9933666666667,116.44145,2007-08-10 10:05:13
150,40.0526166666667,116.4018,2007-08-10 10:17:25
150,40.05335,116.40045,2007-08-10 10:17:31
150,40.06875,116.36315,2007-08-10 10:20:40
150,40.0691,116.360066666667,2007-08-10 10:20:55
150,40.0692166666667,116.352,2007-08-10 10:22:37
150,40.0693333333333,116.347483333333,2007-08-10 10:22:57
150,40.0695333333333,116.341816666667,2007-08-10 10:23:27
150,40.06935,116.334883333333,2007-08-10 10:24:03
150,40.0695166666667,116.325983333333,2007-08-10 10:25:43
150,40.0694,116.324483333333,2007-08-10 10:25:49
150,40.06955,116.3137,2007-08-10 10:46:00
150,39.9757333333333,116.333633333333,2007-08-10 10:46:26
150,39.9757166666667,116.333483333333,2007-08-10 10:47:14
150,39.9761,116.335333333333,2007-08-10 10:47:17
150,39.9757666666667,116.334466666667,2007-08-10 10:47:27
150,39.9753333333333,116.33345,2007-08-10 10:47:49
150,39.9753666666667,116.333166666667,2007-08-10 10:48:06
150,39.9753666666667,116.332633333333,2007-08-10 10:48:42
150,39.9754166666667,116.332033333333,2007-08-10 10:49:21
150,39.9754666666667,116.33175,2007-08-10 10:49:38
150,39.97545,116.33125,2007-08-10 10:50:09
150,39.9755,116.330866666667,2007-08-10 10:50:36
150,39.9754666666667,116.330516666667,2007-08-10 10:51:02
150,39.97555,116.3303,2007-08-10 10:51:19
150,39.97575,116.330183333333,2007-08-10 10:51:42
150,39.9759,116.3301,2007-08-10 10:51:55
150,39.97565,116.330233333333,2007-08-10 11:05:10
150,39.9756,116.330533333333,2007-08-10 11:06:00
150,39.97555,116.330716666667,2007-08-10 11:06:21
150,39.9756833333333,116.3309,2007-08-10 11:06:26
